0	81
2	67
4	66
1	64
11	57
8	57
5	57
13	51
12	49
19	48
14	46
15	45
22	43
38	43
56	42
9	41
16	41
23	39
33	38
25	38
84	37
103	37
20	36
57	36
3	36
58	35
121	35
17	33
10	32
59	32
69	32
60	32
47	32
7	31
104	30
48	30
36	30
29	30
40	30
46	30
85	30
52	29
34	29
162	28
30	28
41	27
39	27
114	27
64	27
31	27
210	26
21	26
74	26
18	26
67	26
24	26
97	25
98	25
86	25
241	25
115	25
49	25
173	24
151	24
174	24
44	24
42	24
89	24
99	23
90	23
226	23
26	23
242	23
140	23
183	23
184	22
480	22
122	22
76	22
100	21
37	21
50	21
45	21
70	21
123	21
131	21
75	21
345	21
243	21
91	21
185	20
101	20
87	20
175	20
116	20
141	20
92	20
163	20
65	20
211	19
79	19
71	19
212	19
367	19
53	19
152	19
153	19
288	19
105	18
176	18
213	18
442	18
142	18
289	18
143	18
106	18
54	18
35	18
214	18
368	18
177	18
186	18
107	18
32	18
80	18
144	18
68	17
72	17
6	17
227	17
481	17
63	17
563	17
124	17
228	17
310	17
823	17
27	17
311	17
132	17
93	17
51	17
229	17
43	17
125	17
369	17
187	17
73	17
200	17
482	17
81	17
133	17
244	16
145	16
178	16
146	16
108	16
524	16
201	16
109	16
230	16
117	16
164	16
245	16
215	16
126	15
147	15
165	15
346	15
77	15
312	15
443	15
166	15
737	15
402	15
28	15
370	15
564	15
154	15
738	15
565	15
290	15
525	15
526	15
118	15
94	15
444	15
188	15
483	15
371	15
216	14
61	14
78	14
484	14
527	14
485	14
403	14
246	14
119	14
566	14
134	14
528	14
231	14
291	14
82	14
292	14
739	14
529	14
313	14
189	14
190	14
217	14
191	14
740	14
148	14
127	13
404	13
405	13
218	13
247	13
1007	13
66	13
406	13
314	13
95	13
638	13
639	13
372	13
135	13
62	13
1155	13
167	13
640	13
1008	13
910	13
149	13
567	13
407	13
568	13
315	13
569	12
741	12
824	12
136	12
248	12
128	12
347	12
1009	12
641	12
825	12
530	12
1010	12
408	12
826	12
179	12
642	12
249	12
293	12
445	12
110	12
446	12
1011	12
911	12
1156	12
570	12
486	12
250	12
348	12
643	12
827	11
1724	11
373	11
374	11
571	11
375	11
742	11
219	11
487	11
232	11
155	11
1288	11
572	11
233	11
294	11
295	11
296	11
912	11
376	11
488	11
409	11
573	11
220	11
102	11
410	11
574	11
202	11
349	11
828	11
644	11
743	11
350	11
913	11
914	11
83	11
192	11
351	11
744	11
251	11
316	11
447	11
352	11
377	11
234	11
168	11
297	11
575	11
411	11
235	10
448	10
111	10
1489	10
745	10
1289	10
449	10
576	10
450	10
412	10
531	10
915	10
203	10
193	10
489	10
577	10
378	10
298	10
746	10
747	10
451	10
1012	10
204	10
169	10
55	10
645	10
317	10
490	10
532	10
491	10
578	10
236	10
492	10
137	10
829	10
299	10
1013	10
413	10
1725	10
579	10
580	10
493	10
1014	10
494	10
252	10
353	10
205	10
253	10
379	10
1490	10
354	10
1726	10
380	10
830	10
916	10
156	10
495	10
254	10
414	10
1015	10
496	10
415	10
237	10
255	10
381	10
416	10
646	10
831	9
1727	9
256	9
917	9
1290	9
497	9
257	9
1491	9
120	9
1016	9
2018	9
157	9
112	9
581	9
832	9
748	9
749	9
1291	9
88	9
258	9
2958	9
1492	9
300	9
382	9
259	9
918	9
355	9
647	9
1157	9
582	9
533	9
750	9
417	9
1493	9
301	9
452	9
751	9
752	9
498	9
453	9
170	9
206	9
1292	9
499	9
648	9
583	9
418	9
919	9
1728	9
356	9
649	9
500	9
419	9
1158	9
1159	9
357	9
920	8
753	8
171	8
1017	8
1018	8
358	8
501	8
754	8
1494	8
2422	8
921	8
359	8
1293	8
650	8
651	8
584	8
194	8
585	8
755	8
652	8
302	8
303	8
922	8
1729	8
1160	8
534	8
454	8
3683	8
113	8
756	8
195	8
923	8
1019	8
455	8
1495	8
196	8
1161	8
535	8
1496	8
1497	8
318	8
1020	8
260	8
1021	8
536	8
757	8
833	8
586	8
1498	8
1294	8
758	8
834	8
304	8
924	8
1162	8
653	8
1163	8
1164	8
654	8
925	8
319	8
587	8
1730	8
2019	8
926	8
835	8
759	8
1022	8
1295	8
537	8
1731	8
927	8
1296	8
320	8
836	8
837	8
928	8
456	8
383	8
305	8
1165	8
1023	8
538	8
3684	8
1024	8
457	8
588	8
1297	8
838	8
1732	8
502	8
655	8
2020	8
839	8
158	8
1025	8
1733	8
420	8
840	8
421	8
929	7
172	7
1499	7
261	7
2021	7
539	7
503	7
2423	7
760	7
930	7
540	7
1026	7
1298	7
1500	7
504	7
931	7
1299	7
384	7
1027	7
1028	7
761	7
541	7
1166	7
542	7
1300	7
385	7
543	7
505	7
932	7
762	7
1501	7
1734	7
321	7
933	7
841	7
544	7
422	7
458	7
1029	7
459	7
1735	7
2022	7
3685	7
1301	7
1736	7
138	7
589	7
590	7
386	7
506	7
842	7
2424	7
1302	7
1030	7
197	7
1303	7
2959	7
1304	7
1737	7
656	7
934	7
1305	7
657	7
1502	7
1306	7
2023	7
658	7
545	7
460	7
322	7
1031	7
763	7
1307	7
659	7
2024	7
1167	7
1032	7
238	7
660	7
546	7
1308	7
661	7
507	7
591	7
1309	7
843	7
662	7
764	7
1310	7
844	7
2025	7
1311	7
387	7
845	7
2026	7
1503	7
423	7
1738	7
846	7
592	7
547	7
847	7
1033	7
1504	7
1034	7
424	7
1739	7
1035	7
159	7
1505	7
935	7
1036	7
1168	7
1312	7
936	7
663	7
1169	7
1506	7
2960	7
664	7
937	7
1037	7
461	7
1313	7
665	7
2425	7
765	7
1740	7
848	7
2426	7
1507	6
508	6
1508	6
1038	6
2027	6
766	6
509	6
666	6
462	6
1170	6
1039	6
2028	6
849	6
667	6
1509	6
593	6
1314	6
1315	6
425	6
2961	6
1510	6
1040	6
548	6
668	6
2427	6
3686	6
1511	6
669	6
1512	6
426	6
1316	6
1041	6
938	6
1171	6
2962	6
1317	6
594	6
1042	6
2029	6
2030	6
1043	6
595	6
1513	6
1172	6
1741	6
939	6
1742	6
2031	6
4723	6
2032	6
510	6
940	6
388	6
2428	6
1514	6
941	6
942	6
943	6
767	6
1173	6
596	6
1174	6
944	6
2033	6
1515	6
850	6
3687	6
670	6
2963	6
945	6
768	6
1743	6
2429	6
946	6
463	6
597	6
262	6
1175	6
1176	6
323	6
1516	6
1177	6
1744	6
1044	6
1517	6
1518	6
2034	6
851	6
2964	6
324	6
2965	6
598	6
599	6
3688	6
7905	6
3689	6
947	6
1519	6
948	6
2430	6
1520	6
2035	6
1318	6
1319	6
769	6
671	6
1320	6
949	6
2431	6
950	6
770	6
852	6
951	6
853	6
427	6
3690	6
1321	6
854	6
1322	6
6127	6
1521	6
1045	6
428	6
1323	6
1046	6
1324	6
952	6
511	6
1178	6
1745	6
389	6
1746	6
1179	6
771	6
953	6
129	6
221	6
855	6
1180	6
390	6
1181	6
856	6
1047	6
3691	6
1048	6
772	6
1049	6
1325	6
1522	6
1747	6
773	6
1326	6
954	6
2966	6
857	6
2036	6
3692	6
858	6
6128	6
1050	6
2037	6
1748	6
2432	6
1051	6
1327	6
774	6
1749	6
2967	5
1052	5
1750	5
859	5
1182	5
1751	5
860	5
2968	5
1183	5
1053	5
1523	5
1524	5
1054	5
1055	5
1752	5
2433	5
391	5
1525	5
861	5
3693	5
600	5
775	5
1753	5
672	5
2969	5
2970	5
601	5
464	5
2038	5
2039	5
673	5
1754	5
512	5
2971	5
2972	5
392	5
2973	5
2434	5
674	5
1526	5
465	5
862	5
1755	5
1756	5
602	5
955	5
1757	5
1758	5
160	5
466	5
863	5
603	5
180	5
263	5
513	5
956	5
1527	5
957	5
467	5
325	5
2435	5
1759	5
958	5
1760	5
959	5
1056	5
1761	5
3694	5
960	5
1057	5
776	5
1762	5
1528	5
2974	5
2975	5
3695	5
961	5
1328	5
2436	5
1529	5
1530	5
1531	5
3696	5
1763	5
1532	5
2437	5
675	5
1764	5
96	5
468	5
2040	5
3697	5
1329	5
2438	5
676	5
6129	5
2439	5
864	5
1058	5
777	5
962	5
2976	5
1330	5
865	5
6130	5
1765	5
549	5
1059	5
1060	5
866	5
2440	5
3698	5
2441	5
2041	5
963	5
326	5
677	5
2977	5
360	5
2978	5
2042	5
1533	5
1331	5
1061	5
1534	5
1332	5
778	5
2043	5
1535	5
1766	5
2044	5
2045	5
604	5
1767	5
678	5
1333	5
779	5
867	5
2442	5
780	5
605	5
550	5
1536	5
868	5
2046	5
1537	5
1184	5
1768	5
361	5
1334	5
1185	5
4724	5
1538	5
6131	5
869	5
2443	5
964	5
429	5
2444	5
1062	5
2445	5
679	5
781	5
965	5
1335	5
3699	5
966	5
1186	5
1539	5
1540	5
1187	5
870	5
782	5
1769	5
680	5
2047	5
2048	5
2446	5
2979	5
1188	5
871	5
1770	5
872	5
327	5
2049	5
1771	5
2050	5
1541	5
1336	5
2051	5
873	5
1772	5
1337	5
6132	5
1542	5
874	5
681	5
1543	5
1189	5
1338	5
1190	5
1773	5
2980	5
1544	5
1545	5
1546	5
328	5
1191	5
783	5
1063	5
2447	5
1192	5
1339	5
1774	5
2448	5
1547	5
1193	5
2981	5
2449	5
2450	5
967	5
2052	5
1548	5
1775	5
1549	5
784	5
1776	5
1550	5
551	5
875	5
1340	5
469	5
785	5
2451	5
3700	5
2053	5
2452	5
786	5
1064	5
1551	5
1194	5
3701	5
130	5
2982	5
552	5
1341	5
2983	5
2054	5
3702	5
4725	4
1342	4
3703	4
4726	4
4727	4
3704	4
1552	4
682	4
4728	4
430	4
2984	4
683	4
3705	4
2985	4
968	4
3706	4
1343	4
3707	4
876	4
2055	4
2453	4
1553	4
1195	4
2986	4
1196	4
2056	4
4729	4
2454	4
2987	4
969	4
1554	4
1065	4
2057	4
1777	4
1344	4
1066	4
1197	4
787	4
2455	4
2058	4
877	4
3708	4
2988	4
4730	4
1198	4
222	4
606	4
514	4
2989	4
970	4
1345	4
1346	4
2990	4
1347	4
1067	4
223	4
7906	4
1555	4
2059	4
1556	4
2456	4
971	4
1778	4
1557	4
4731	4
2060	4
1779	4
3709	4
2061	4
362	4
329	4
2062	4
2991	4
1558	4
1348	4
2457	4
3710	4
2992	4
1199	4
2063	4
878	4
2064	4
1559	4
431	4
393	4
1780	4
553	4
1560	4
1561	4
394	4
2993	4
2458	4
684	4
1349	4
2459	4
2994	4
7907	4
2995	4
2996	4
1781	4
1782	4
1783	4
1562	4
1784	4
607	4
2997	4
1563	4
1564	4
879	4
1200	4
1785	4
6133	4
2998	4
4732	4
515	4
470	4
972	4
4733	4
2460	4
4734	4
880	4
2461	4
2065	4
1201	4
1786	4
2462	4
1202	4
2463	4
2066	4
973	4
1787	4
2464	4
685	4
881	4
882	4
2999	4
788	4
1350	4
2465	4
2067	4
3711	4
7908	4
3000	4
3001	4
1203	4
974	4
3002	4
1351	4
1068	4
2068	4
3712	4
1788	4
1789	4
1790	4
1069	4
975	4
6134	4
1352	4
2466	4
1353	4
1565	4
1566	4
1791	4
3713	4
1070	4
1792	4
516	4
3003	4
3004	4
883	4
2069	4
2070	4
1354	4
6135	4
1793	4
2467	4
686	4
3714	4
3715	4
6136	4
884	4
687	4
789	4
6137	4
1567	4
608	4
1568	4
517	4
2071	4
1794	4
1795	4
1204	4
554	4
2072	4
2468	4
688	4
1071	4
2469	4
6138	4
1072	4
1205	4
1355	4
2470	4
1356	4
1206	4
2073	4
1569	4
1570	4
306	4
1796	4
2074	4
3716	4
1797	4
2471	4
1357	4
1358	4
7909	4
3717	4
3718	4
2472	4
1571	4
2075	4
1572	4
1573	4
1073	4
2076	4
609	4
3005	4
1207	4
4735	4
1359	4
2473	4
1360	4
3006	4
3007	4
4736	4
1074	4
4737	4
1075	4
1076	4
1574	4
1361	4
2077	4
1575	4
3008	4
1362	4
1363	4
2474	4
1208	4
1798	4
1576	4
1209	4
1364	4
2475	4
2078	4
3719	4
3009	4
395	4
2079	4
1365	4
1799	4
1577	4
790	4
198	4
1800	4
2476	4
1801	4
1802	4
1366	4
976	4
1578	4
2477	4
3720	4
3010	4
1579	4
1210	4
1580	4
1367	4
2080	4
1581	4
1368	4
610	4
2081	4
2082	4
2083	4
1582	4
3011	4
977	4
2478	4
885	4
2084	4
1369	4
1803	4
1804	4
1583	4
3012	4
1584	4
1077	4
2479	4
2085	4
1078	4
2480	4
6139	4
6140	4
2481	4
3013	4
3014	4
3721	4
4738	4
1805	4
181	4
1806	4
2482	4
2086	4
978	4
791	4
2483	4
1079	4
3722	4
207	4
2484	4
3015	4
1807	4
3723	4
1808	4
1370	4
4739	4
2485	4
555	4
979	4
980	4
2087	4
2486	4
1585	4
2487	4
2488	4
2088	4
1211	4
1080	4
471	4
1809	4
1212	4
1586	4
307	4
1810	4
1811	4
2489	4
6141	4
2490	4
1812	4
2089	4
3724	4
689	4
2491	4
4740	4
2492	4
3016	4
981	4
1587	4
6142	4
690	4
1813	4
161	4
3017	4
2493	4
3725	4
982	4
1081	4
2090	4
4741	4
3018	4
3726	4
1588	4
7910	4
3019	4
2494	4
2091	4
3727	4
2495	4
2092	4
6143	4
792	4
2093	4
2094	4
2095	4
1589	4
1814	4
1082	4
1590	4
1213	4
691	4
3020	4
2096	4
1815	4
3021	4
1371	4
1372	4
1591	4
1816	4
2097	4
1817	4
4742	4
3728	4
886	4
1818	4
1592	4
983	4
1214	4
3022	4
1593	4
2098	4
1819	4
611	4
1820	4
2099	4
3729	4
2100	4
612	4
887	4
4743	4
3730	4
2101	4
1215	4
1594	4
692	4
3731	4
1821	4
1595	4
2102	4
3732	4
7911	4
1083	4
2103	4
4744	4
3733	4
1216	4
2496	4
1822	4
7912	4
1823	4
1217	4
363	4
693	4
3023	4
3024	4
2104	4
2497	4
6144	4
1373	4
4745	4
2105	4
3734	4
4746	4
4747	4
4748	4
3735	4
3025	4
1374	4
2106	4
4749	4
2107	4
2498	4
1596	4
2499	4
3736	4
4750	4
6145	4
1597	4
1598	4
2108	4
3737	4
2500	4
3026	4
1824	4
1375	4
2501	4
6146	4
2502	3
3027	3
1825	3
3738	3
3739	3
1826	3
208	3
1827	3
1218	3
7913	3
182	3
308	3
1828	3
2109	3
1829	3
888	3
793	3
1599	3
4751	3
1830	3
1831	3
4752	3
3740	3
1832	3
2110	3
4753	3
1376	3
1377	3
3028	3
984	3
3029	3
3741	3
1833	3
6147	3
3030	3
3031	3
4754	3
4755	3
2111	3
2112	3
2113	3
613	3
4756	3
3032	3
1600	3
1219	3
1084	3
1378	3
1379	3
1601	3
1602	3
2114	3
4757	3
1380	3
4758	3
3033	3
1381	3
3034	3
3742	3
889	3
2503	3
2504	3
3035	3
3743	3
2115	3
3036	3
2505	3
1382	3
1603	3
3037	3
3744	3
3745	3
3746	3
890	3
4759	3
1834	3
3747	3
891	3
3748	3
7914	3
3038	3
2116	3
614	3
2117	3
3039	3
1835	3
3749	3
1604	3
4760	3
2506	3
3750	3
3751	3
1836	3
2507	3
2508	3
556	3
2118	3
3752	3
3753	3
2509	3
4761	3
7915	3
892	3
2510	3
2511	3
1837	3
264	3
265	3
266	3
6148	3
2119	3
3754	3
7916	3
2512	3
3040	3
1383	3
1384	3
1220	3
3755	3
4762	3
364	3
396	3
397	3
398	3
399	3
2513	3
3756	3
2514	3
1838	3
1839	3
1840	3
1605	3
2515	3
7917	3
985	3
239	3
615	3
2120	3
2516	3
4763	3
1385	3
3041	3
2517	3
2518	3
3042	3
3043	3
1841	3
1842	3
1221	3
2121	3
3757	3
3758	3
3759	3
2122	3
986	3
2123	3
1606	3
794	3
2124	3
2519	3
2125	3
6149	3
893	3
3044	3
2126	3
2520	3
6150	3
1386	3
7918	3
2521	3
3045	3
7919	3
1843	3
3046	3
4764	3
2127	3
1844	3
1387	3
9349	3
1607	3
2522	3
3760	3
2128	3
1608	3
9350	3
6151	3
6152	3
1609	3
6153	3
6154	3
3761	3
7920	3
4765	3
1610	3
4766	3
2523	3
2129	3
518	3
3047	3
4767	3
4768	3
1611	3
4769	3
4770	3
3762	3
2130	3
2131	3
1612	3
2524	3
7921	3
4771	3
3763	3
4772	3
1845	3
4773	3
7922	3
2525	3
6155	3
2526	3
3048	3
1388	3
1846	3
1389	3
7923	3
3049	3
1847	3
6156	3
6157	3
1613	3
6158	3
6159	3
2527	3
1848	3
3050	3
2528	3
1849	3
1222	3
2529	3
2132	3
3051	3
3764	3
3765	3
3766	3
3052	3
3053	3
6160	3
4774	3
4775	3
3054	3
2133	3
2134	3
2530	3
3767	3
1614	3
4776	3
1390	3
6161	3
2135	3
2136	3
3768	3
1223	3
3055	3
3769	3
3056	3
3057	3
9351	3
2531	3
2532	3
6162	3
2533	3
1224	3
2137	3
1391	3
3770	3
1085	3
1086	3
3771	3
987	3
3058	3
2534	3
2535	3
6163	3
6164	3
3059	3
3060	3
3772	3
3061	3
3773	3
2536	3
1225	3
1087	3
2138	3
6165	3
1850	3
2537	3
4777	3
1392	3
1226	3
3774	3
2538	3
3062	3
3063	3
2139	3
2140	3
4778	3
7924	3
2141	3
1615	3
1227	3
2539	3
3064	3
1393	3
2142	3
4779	3
2143	3
3775	3
4780	3
1616	3
3776	3
1617	3
3777	3
2540	3
2541	3
2542	3
2144	3
3778	3
1618	3
2543	3
2544	3
1619	3
3065	3
3066	3
4781	3
3067	3
4782	3
6166	3
3068	3
472	3
519	3
3779	3
6167	3
1851	3
2145	3
2545	3
616	3
6168	3
3780	3
3781	3
1852	3
1088	3
3782	3
2146	3
4783	3
1394	3
3783	3
2546	3
1853	3
2547	3
1395	3
1620	3
2548	3
2549	3
3784	3
2147	3
1854	3
6169	3
6170	3
1396	3
1397	3
1855	3
3785	3
3069	3
3070	3
1856	3
2550	3
1398	3
2148	3
3071	3
795	3
6171	3
2149	3
3072	3
2551	3
2552	3
1621	3
3073	3
1228	3
1399	3
1229	3
3786	3
3787	3
3074	3
988	3
4784	3
6172	3
694	3
2150	3
3075	3
2151	3
989	3
1230	3
2553	3
796	3
1400	3
4785	3
3076	3
6173	3
2554	3
1401	3
3788	3
4786	3
3077	3
2152	3
6174	3
3078	3
400	3
4787	3
3079	3
2153	3
3789	3
2154	3
9352	3
2555	3
2556	3
2557	3
2558	3
1402	3
1231	3
2559	3
1403	3
1622	3
1404	3
3790	3
1857	3
2155	3
3791	3
3792	3
1089	3
3080	3
3081	3
1858	3
797	3
3793	3
3082	3
1623	3
3794	3
2560	3
2156	3
6175	3
4788	3
4789	3
3795	3
1859	3
1860	3
1232	3
4790	3
2561	3
2562	3
2563	3
7925	3
3083	3
3796	3
4791	3
4792	3
7926	3
1624	3
1861	3
7927	3
1233	3
6176	3
1862	3
2157	3
3797	3
3798	3
1863	3
3799	3
6177	3
2158	3
4793	3
3800	3
6178	3
1864	3
3801	3
3802	3
6179	3
2159	3
7928	3
1865	3
432	3
798	3
2564	3
3803	3
2565	3
6180	3
2160	3
2161	3
9353	3
2162	3
3804	3
2566	3
3084	3
3805	3
3806	3
3807	3
2163	3
1866	3
1867	3
4794	3
1405	3
3085	3
2567	3
4795	3
3086	3
1406	3
150	3
1407	3
3808	3
4796	3
1868	3
894	3
2568	3
1408	3
2164	3
1090	3
401	3
3809	3
4797	3
2569	3
1409	3
2570	3
2165	3
9354	3
1869	3
2571	3
2166	3
3810	3
3087	3
1870	3
3811	3
1625	3
4798	3
3812	3
3813	3
3814	3
1871	3
1626	3
1091	3
6181	3
3088	3
2572	3
2573	3
1627	3
3815	3
1234	3
7929	3
3816	3
799	3
2167	3
6182	3
1872	3
2574	3
3089	3
3090	3
3091	3
2168	3
1235	3
3092	3
3093	3
2575	3
9355	3
3817	3
2576	3
3818	3
3094	3
2577	3
3819	3
3095	3
695	3
1236	3
473	3
1873	3
1410	3
3096	3
7930	3
474	3
6183	3
1874	3
2578	3
1875	3
2579	3
6184	3
3097	3
3098	3
2580	3
1237	3
6185	3
3099	3
3820	3
3100	3
2169	3
2581	3
6186	3
3101	3
3821	3
3822	3
2582	3
3102	3
3103	3
990	3
3823	3
2170	3
3824	3
1876	3
3825	3
895	3
2171	3
4799	3
520	3
6187	3
3826	3
896	3
2583	3
1411	3
2584	3
1092	3
3827	3
3828	3
1628	3
9356	3
6188	3
2585	3
3829	3
3104	3
3830	3
1629	3
3831	3
3105	3
2586	3
1630	3
617	3
4800	3
3832	3
3833	3
3834	3
1877	3
2172	3
3106	3
3835	3
3107	3
2587	3
3836	3
1878	3
4801	3
6189	3
557	3
4802	3
3108	3
3109	3
1631	3
4803	3
2588	3
1879	3
365	3
1412	3
2589	3
2173	3
3837	3
6190	3
2174	3
4804	3
2175	3
2176	3
3110	3
1413	3
1880	3
2590	3
1093	3
2591	3
3838	3
4805	3
3111	3
4806	3
4807	3
1881	3
1414	3
1238	3
7931	3
1632	3
3839	3
2592	3
1415	3
6191	3
6192	3
1239	3
1882	3
4808	3
4809	3
2177	3
696	3
3840	3
1883	3
2593	3
2594	3
1094	3
1884	3
6193	3
4810	3
3112	3
2178	3
6194	3
4811	3
1095	3
1240	3
1241	3
3113	3
3841	3
3114	3
3842	3
6195	3
1242	3
4812	3
1243	3
6196	3
991	3
3115	3
2595	3
1096	3
2179	3
4813	3
3116	3
1633	3
1416	3
2180	3
1885	3
3117	3
2596	3
4814	3
992	3
4815	3
2181	3
6197	3
1886	3
2597	3
2598	3
4816	3
3843	3
2599	3
3844	3
3118	3
3119	3
2600	3
1417	3
4817	3
3845	3
3120	3
3121	3
1097	3
6198	3
4818	3
3122	3
7932	3
2182	3
6199	3
2183	3
3846	3
6200	3
3123	3
2184	3
7933	3
3847	3
1887	3
7934	3
1888	3
2601	3
1634	3
1889	3
2602	3
3124	3
3125	3
993	3
2603	3
2604	3
4819	3
3126	3
4820	3
3848	3
2185	3
6201	3
2186	3
6202	3
3849	2
7935	2
6203	2
6204	2
9357	2
1890	2
3127	2
6205	2
309	2
9358	2
6206	2
6207	2
2605	2
3128	2
2606	2
2607	2
3129	2
3130	2
3131	2
7936	2
366	2
475	2
209	2
2187	2
1418	2
697	2
4821	2
3132	2
3850	2
3133	2
6208	2
2188	2
1419	2
4822	2
3851	2
3852	2
2608	2
3134	2
3135	2
3136	2
6209	2
6210	2
6211	2
7937	2
6212	2
6213	2
6214	2
7938	2
3853	2
7939	2
3137	2
7940	2
3854	2
9359	2
2609	2
3855	2
2189	2
6215	2
6216	2
1891	2
2190	2
1892	2
2191	2
3138	2
7941	2
3856	2
3139	2
2610	2
994	2
3140	2
2611	2
6217	2
2612	2
9360	2
4823	2
3141	2
4824	2
1635	2
3142	2
6218	2
6219	2
3143	2
1893	2
7942	2
9361	2
1244	2
3144	2
3857	2
2613	2
6220	2
995	2
1420	2
2192	2
6221	2
1421	2
1245	2
9362	2
1894	2
9363	2
7943	2
6222	2
4825	2
9364	2
1422	2
3145	2
1423	2
1895	2
1246	2
1424	2
7944	2
3858	2
3859	2
3146	2
6223	2
3147	2
1636	2
3148	2
6224	2
1247	2
1248	2
996	2
1249	2
1896	2
1897	2
1637	2
3860	2
2614	2
6225	2
6226	2
6227	2
7945	2
4826	2
4827	2
6228	2
3149	2
3150	2
7946	2
7947	2
7948	2
4828	2
3861	2
6229	2
3151	2
6230	2
6231	2
6232	2
4829	2
698	2
4830	2
3862	2
3152	2
7949	2
6233	2
4831	2
3153	2
4832	2
1898	2
558	2
6234	2
9365	2
6235	2
3154	2
699	2
3155	2
6236	2
6237	2
2615	2
2616	2
3863	2
6238	2
3864	2
2617	2
2618	2
1638	2
7950	2
433	2
434	2
6239	2
4833	2
4834	2
2193	2
3865	2
3866	2
4835	2
3867	2
3868	2
9366	2
6240	2
6241	2
4836	2
4837	2
4838	2
7951	2
2619	2
3156	2
3157	2
7952	2
4839	2
6242	2
3869	2
6243	2
1425	2
1250	2
997	2
139	2
3870	2
4840	2
3871	2
3872	2
7953	2
6244	2
9367	2
3158	2
2620	2
3873	2
7954	2
3874	2
6245	2
7955	2
7956	2
2194	2
3875	2
3876	2
2621	2
1098	2
7957	2
3877	2
6246	2
6247	2
1899	2
7958	2
4841	2
3159	2
1099	2
1100	2
3160	2
3161	2
3162	2
3163	2
6248	2
1251	2
2622	2
2623	2
7959	2
7960	2
4842	2
1900	2
4843	2
4844	2
6249	2
3878	2
4845	2
3164	2
6250	2
3165	2
3166	2
3167	2
2195	2
2624	2
2625	2
6251	2
7961	2
7962	2
3879	2
4846	2
4847	2
4848	2
1426	2
2626	2
3880	2
4849	2
2627	2
6252	2
9368	2
3168	2
6253	2
1901	2
1639	2
2628	2
2196	2
1640	2
3169	2
6254	2
6255	2
6256	2
4850	2
4851	2
6257	2
6258	2
1641	2
3170	2
6259	2
240	2
2629	2
4852	2
4853	2
7963	2
7964	2
7965	2
2630	2
4854	2
9369	2
4855	2
3171	2
3881	2
3882	2
897	2
4856	2
6260	2
4857	2
4858	2
2631	2
3883	2
3172	2
4859	2
4860	2
7966	2
9370	2
3173	2
6261	2
6262	2
7967	2
2197	2
3174	2
3175	2
7968	2
3884	2
3885	2
3886	2
2632	2
2633	2
2634	2
4861	2
3176	2
2198	2
1427	2
1642	2
998	2
1643	2
6263	2
800	2
1644	2
9371	2
9372	2
2635	2
4862	2
4863	2
7969	2
3177	2
1902	2
3178	2
3179	2
3180	2
6264	2
6265	2
3887	2
3181	2
3182	2
3183	2
6266	2
7970	2
9373	2
7971	2
4864	2
3184	2
7972	2
1252	2
3185	2
3186	2
4865	2
3187	2
6267	2
2199	2
6268	2
6269	2
3888	2
3889	2
1645	2
7973	2
3188	2
999	2
4866	2
6270	2
9374	2
3890	2
3891	2
6271	2
9375	2
7974	2
7975	2
2636	2
6272	2
4867	2
3892	2
7976	2
6273	2
4868	2
3893	2
6274	2
2637	2
1903	2
4869	2
1253	2
1646	2
1101	2
1254	2
1428	2
6275	2
1102	2
3189	2
2638	2
2200	2
3190	2
2201	2
6276	2
7977	2
6277	2
3894	2
1904	2
2202	2
7978	2
2639	2
2640	2
1429	2
1255	2
3191	2
2641	2
3192	2
3895	2
898	2
6278	2
3896	2
6279	2
2203	2
3897	2
1905	2
1647	2
1906	2
6280	2
6281	2
7979	2
6282	2
6283	2
7980	2
4870	2
2204	2
3193	2
4871	2
4872	2
4873	2
1907	2
4874	2
3898	2
7981	2
7982	2
6284	2
6285	2
3899	2
3900	2
2205	2
4875	2
1648	2
3194	2
6286	2
2642	2
7983	2
7984	2
2643	2
3195	2
3196	2
4876	2
1908	2
9376	2
3197	2
3901	2
2644	2
6287	2
3902	2
2206	2
3198	2
2645	2
6288	2
9377	2
6289	2
3199	2
4877	2
4878	2
7985	2
6290	2
7986	2
899	2
7987	2
1909	2
3903	2
4879	2
4880	2
2646	2
4881	2
6291	2
3904	2
3905	2
3906	2
3200	2
4882	2
3907	2
2647	2
4883	2
6292	2
7988	2
3908	2
3909	2
3910	2
4884	2
3201	2
3911	2
4885	2
3912	2
3913	2
2648	2
2649	2
9378	2
3914	2
1000	2
9379	2
3915	2
2650	2
9380	2
6293	2
3916	2
3202	2
3203	2
700	2
559	2
560	2
521	2
522	2
561	2
3204	2
4886	2
2207	2
6294	2
6295	2
6296	2
4887	2
3205	2
3917	2
7989	2
3206	2
2651	2
6297	2
3918	2
6298	2
6299	2
4888	2
3207	2
1649	2
1910	2
3208	2
6300	2
6301	2
3209	2
6302	2
2652	2
2208	2
7990	2
9381	2
6303	2
6304	2
2209	2
1256	2
2210	2
2653	2
3210	2
3919	2
7991	2
3920	2
1911	2
1912	2
6305	2
4889	2
3211	2
4890	2
4891	2
4892	2
3212	2
801	2
4893	2
3921	2
9382	2
4894	2
2654	2
4895	2
3922	2
4896	2
3923	2
2655	2
2656	2
2657	2
2658	2
4897	2
3924	2
3213	2
2659	2
2660	2
6306	2
7992	2
7993	2
4898	2
2211	2
2212	2
3925	2
7994	2
3214	2
3215	2
3216	2
3926	2
3927	2
3928	2
6307	2
6308	2
2661	2
3929	2
1257	2
1258	2
1259	2
2662	2
2663	2
3930	2
1430	2
3931	2
3932	2
1001	2
2664	2
6309	2
4899	2
3217	2
4900	2
4901	2
2665	2
2666	2
3933	2
7995	2
7996	2
3934	2
4902	2
6310	2
4903	2
4904	2
3935	2
2213	2
7997	2
6311	2
3936	2
2667	2
1431	2
4905	2
6312	2
1432	2
3937	2
3938	2
4906	2
3218	2
3219	2
6313	2
2214	2
4907	2
6314	2
7998	2
3220	2
6315	2
4908	2
2668	2
7999	2
8000	2
4909	2
6316	2
6317	2
8001	2
4910	2
4911	2
1913	2
8002	2
6318	2
4912	2
8003	2
1914	2
3939	2
4913	2
4914	2
8004	2
1260	2
2669	2
2670	2
4915	2
4916	2
4917	2
8005	2
1915	2
1103	2
6319	2
8006	2
4918	2
9383	2
8007	2
8008	2
3940	2
3221	2
8009	2
4919	2
6320	2
3941	2
8010	2
9384	2
2215	2
8011	2
8012	2
9385	2
3942	2
6321	2
3222	2
3943	2
8013	2
476	2
477	2
6322	2
1916	2
1917	2
2216	2
4920	2
6323	2
6324	2
6325	2
1433	2
9386	2
4921	2
8014	2
2671	2
2672	2
2673	2
8015	2
4922	2
3944	2
4923	2
3945	2
3946	2
6326	2
6327	2
1434	2
3947	2
6328	2
3948	2
3949	2
3950	2
4924	2
2217	2
3951	2
1650	2
3223	2
8016	2
3952	2
8017	2
3953	2
3954	2
3955	2
3956	2
2674	2
4925	2
3957	2
2675	2
6329	2
6330	2
9387	2
224	2
225	2
3224	2
3225	2
3958	2
1918	2
4926	2
4927	2
3959	2
6331	2
3226	2
3227	2
2676	2
3960	2
4928	2
3961	2
3962	2
3228	2
8018	2
3963	2
8019	2
6332	2
2218	2
1919	2
2219	2
2220	2
8020	2
435	2
8021	2
1261	2
6333	2
3229	2
2677	2
1002	2
6334	2
4929	2
3230	2
6335	2
3964	2
2221	2
2678	2
2679	2
4930	2
2222	2
4931	2
3965	2
6336	2
6337	2
1651	2
8022	2
6338	2
3966	2
3967	2
3968	2
3969	2
3970	2
2223	2
6339	2
4932	2
3971	2
8023	2
4933	2
4934	2
3972	2
6340	2
6341	2
3973	2
2224	2
6342	2
8024	2
4935	2
4936	2
3231	2
3232	2
2225	2
6343	2
8025	2
2680	2
3974	2
3233	2
2226	2
4937	2
3234	2
4938	2
3975	2
3976	2
4939	2
6344	2
6345	2
6346	2
3235	2
4940	2
3977	2
3978	2
9388	2
8026	2
8027	2
3236	2
6347	2
802	2
1262	2
8028	2
2681	2
3979	2
4941	2
3980	2
2682	2
4942	2
3237	2
6348	2
3981	2
4943	2
3982	2
2683	2
3983	2
3984	2
3238	2
4944	2
8029	2
6349	2
8030	2
8031	2
3239	2
4945	2
4946	2
4947	2
6350	2
1652	2
1653	2
1654	2
1655	2
3985	2
2227	2
2684	2
2228	2
8032	2
2685	2
4948	2
2686	2
8033	2
8034	2
3986	2
8035	2
1656	2
6351	2
4949	2
1435	2
3240	2
9389	2
267	2
3241	2
3987	2
2229	2
3988	2
1920	2
4950	2
6352	2
3242	2
3989	2
2687	2
6353	2
6354	2
6355	2
2688	2
3243	2
3244	2
3245	2
3246	2
3247	2
6356	2
4951	2
8036	2
3248	2
3249	2
8037	2
8038	2
3250	2
3990	2
1657	2
6357	2
4952	2
4953	2
3251	2
6358	2
4954	2
6359	2
4955	2
8039	2
2689	2
6360	2
4956	2
3252	2
1921	2
6361	2
3253	2
3991	2
2230	2
4957	2
6362	2
6363	2
3254	2
3255	2
2690	2
3256	2
2691	2
2231	2
1922	2
2232	2
1263	2
1923	2
6364	2
8040	2
4958	2
2692	2
6365	2
3992	2
3993	2
2693	2
4959	2
4960	2
4961	2
8041	2
6366	2
4962	2
3257	2
3258	2
3259	2
2694	2
6367	2
4963	2
3260	2
3994	2
3261	2
3995	2
6368	2
1924	2
1658	2
4964	2
2233	2
4965	2
8042	2
8043	2
3996	2
2234	2
1925	2
1926	2
3262	2
8044	2
8045	2
2235	2
6369	2
2695	2
1659	2
6370	2
4966	2
8046	2
9390	2
2236	2
6371	2
2696	2
2237	2
1660	2
2238	2
1003	2
6372	2
6373	2
6374	2
8047	2
8048	2
8049	2
8050	2
8051	2
9391	2
3997	2
3263	2
8052	2
8053	2
3998	2
3999	2
4000	2
4967	2
4001	2
4002	2
4968	2
4003	2
8054	2
8055	2
1661	2
3264	2
4969	2
6375	2
4004	2
4005	2
4006	2
2697	2
4970	2
3265	2
2698	2
4971	2
8056	2
6376	2
4007	2
1927	2
4008	2
4009	2
1928	2
4010	2
1662	2
3266	2
6377	2
4972	2
6378	2
2239	2
3267	2
8057	2
8058	2
1264	2
1265	2
1266	2
4973	2
8059	2
1267	2
4011	2
8060	2
8061	2
4974	2
3268	2
1436	2
2240	2
2241	2
3269	2
6379	2
4012	2
2242	2
2699	2
3270	2
8062	2
4975	2
4013	2
3271	2
8063	2
8064	2
478	2
4014	2
4976	2
4015	2
3272	2
3273	2
3274	2
3275	2
4977	2
4016	2
3276	2
4978	2
3277	2
2700	2
3278	2
2701	2
2243	2
2702	2
2703	2
3279	2
4979	2
3280	2
2704	2
4017	2
4980	2
6380	2
3281	2
3282	2
3283	2
2244	2
8065	2
6381	2
9392	2
2705	2
6382	2
2706	2
6383	2
1268	2
6384	2
2245	2
1437	2
1438	2
4018	2
4019	2
1929	2
2707	2
1104	2
1930	2
1931	2
1932	2
4981	2
6385	2
4982	2
8066	2
2708	2
2709	2
8067	2
2246	2
3284	2
4020	2
4021	2
4022	2
8068	2
4023	2
2247	2
2710	2
3285	2
6386	2
6387	2
9393	2
4983	2
4984	2
2711	2
6388	2
4985	2
2712	2
4986	2
3286	2
1663	2
1664	2
8069	2
8070	2
8071	2
2248	2
2249	2
8072	2
3287	2
2250	2
6389	2
4024	2
8073	2
2713	2
2714	2
6390	2
4025	2
4026	2
4027	2
2715	2
4987	2
4988	2
8074	2
3288	2
1004	2
6391	2
4028	2
4029	2
6392	2
6393	2
2716	2
1439	2
4030	2
2717	2
8075	2
4031	2
3289	2
2718	2
4989	2
4990	2
9394	2
2719	2
2720	2
2721	2
1933	2
8076	2
4991	2
6394	2
6395	2
4992	2
1934	2
1665	2
1935	2
199	2
2722	2
2723	2
2724	2
3290	2
4032	2
1666	2
1936	2
8077	2
8078	2
6396	2
6397	2
4993	2
4994	2
4033	2
4034	2
6398	2
4035	2
4036	2
8079	2
3291	2
1937	2
1938	2
1939	2
1940	2
1941	2
1942	2
1943	2
1944	2
3292	2
1945	2
1946	2
4995	2
1440	2
8080	2
4037	2
1667	2
803	2
900	2
523	2
1947	2
4038	2
4039	2
3293	2
1948	2
3294	2
4040	2
3295	2
3296	2
4041	2
2725	2
2726	2
3297	2
1949	2
1950	2
1441	2
8081	2
8082	2
9395	2
3298	2
3299	2
4996	2
6399	2
1105	2
4042	2
4043	2
4044	2
4997	2
3300	2
2251	2
9396	2
6400	2
3301	2
2252	2
3302	2
3303	2
4045	2
6401	2
2727	2
562	2
3304	2
2728	2
2729	2
2730	2
4998	2
4046	2
3305	2
6402	2
3306	2
4999	2
8083	2
2731	2
2732	2
2733	2
4047	2
1269	2
1270	2
2253	2
4048	2
2254	2
6403	2
4049	2
1442	2
4050	2
5000	2
9397	2
8084	2
8085	2
2734	2
5001	2
4051	2
4052	2
2735	2
4053	2
1005	2
8086	2
6404	2
618	2
619	2
3307	2
6405	2
5002	2
5003	2
6406	2
4054	2
4055	2
9398	2
5004	2
8087	2
5005	2
3308	2
3309	2
3310	2
3311	2
6407	2
1668	2
1106	2
1951	2
8088	2
5006	2
1443	2
3312	2
5007	2
9399	2
2255	2
5008	2
1271	2
5009	2
2736	2
6408	2
6409	2
2256	2
9400	2
3313	2
6410	2
6411	2
6412	2
3314	2
2737	2
6413	2
4056	2
6414	2
1952	2
3315	2
6415	2
8089	2
8090	2
1669	2
6416	2
4057	2
6417	2
4058	2
3316	2
6418	2
6419	2
5010	2
6420	2
2738	2
1444	2
5011	2
1272	2
4059	2
5012	2
8091	2
8092	2
3317	2
5013	2
5014	2
4060	2
2257	2
2739	2
4061	2
2258	2
5015	2
1670	2
5016	2
5017	2
5018	2
1953	2
3318	2
1445	2
4062	2
4063	2
4064	2
4065	2
2740	2
4066	2
3319	2
5019	2
5020	2
8093	2
8094	2
8095	2
1954	2
4067	2
8096	2
6421	2
6422	2
6423	2
6424	2
5021	2
8097	2
6425	2
2741	2
5022	2
5023	2
3320	2
2742	2
5024	2
9401	2
6426	2
6427	2
3321	2
8098	2
1446	2
5025	2
3322	2
2259	2
2260	2
2261	2
2262	2
8099	2
4068	2
8100	2
1447	2
5026	2
5027	2
8101	2
6428	2
4069	2
2743	2
4070	2
6429	2
6430	2
6431	2
8102	2
8103	2
3323	2
2263	2
4071	2
2744	2
479	2
4072	2
5028	2
3324	2
5029	2
3325	2
2745	2
1448	2
6432	2
2264	2
1955	2
1671	2
6433	2
5030	2
2746	2
8104	2
6434	2
5031	2
5032	2
5033	2
5034	2
5035	2
2265	2
4073	2
5036	2
5037	2
3326	2
3327	2
2266	2
8105	2
8106	2
2267	2
5038	2
5039	2
3328	2
4074	2
4075	2
8107	2
2747	2
4076	2
5040	2
6435	2
6436	2
8108	2
5041	2
4077	2
4078	2
2268	2
3329	2
6437	2
4079	2
8109	2
1672	2
3330	2
1449	2
1273	2
4080	2
6438	2
6439	2
2748	2
1673	2
3331	2
3332	2
8110	2
2269	2
5042	2
4081	2
4082	2
1956	2
4083	2
3333	2
6440	2
4084	2
5043	2
4085	2
2749	2
8111	2
9402	2
1274	2
3334	2
9403	2
5044	2
6441	2
6442	2
6443	2
6444	2
2750	2
2751	2
1957	2
3335	2
3336	2
3337	2
3338	2
8112	2
4086	2
4087	2
4088	2
1275	2
8113	2
3339	2
8114	2
1958	2
9404	2
1959	2
1450	2
1960	2
5045	2
6445	2
2752	2
6446	2
6447	2
8115	2
1276	2
1277	2
1278	2
6448	2
2753	2
1674	2
6449	2
6450	2
4089	2
8116	2
2270	2
2754	2
4090	2
4091	2
2271	2
1279	2
2755	2
1961	2
8117	2
6451	2
8118	2
6452	2
8119	2
8120	2
8121	2
3340	2
2756	2
1006	2
1451	2
4092	2
2757	2
6453	2
6454	2
3341	2
6455	2
8122	2
4093	2
2758	2
4094	2
5046	2
8123	2
6456	2
2759	2
8124	2
2760	2
1962	2
1963	2
5047	2
3342	2
6457	2
3343	2
3344	2
9405	2
4095	2
9406	2
3345	2
3346	2
3347	2
3348	2
4096	2
5048	2
6458	2
6459	2
5049	2
2272	2
1107	2
5050	2
4097	2
5051	2
3349	2
5052	2
4098	2
8125	2
5053	2
5054	2
4099	2
6460	2
5055	2
3350	2
6461	2
1280	2
4100	2
1675	2
6462	2
8126	2
4101	2
9407	1
6463	1
6464	1
8127	1
9408	1
5056	1
5057	1
5058	1
6465	1
9409	1
6466	1
6467	1
6468	1
9410	1
9411	1
620	1
621	1
622	1
623	1
624	1
625	1
626	1
627	1
628	1
629	1
630	1
631	1
632	1
5059	1
5060	1
2273	1
2274	1
2275	1
6469	1
2276	1
2277	1
2278	1
2279	1
2280	1
2281	1
2282	1
8128	1
8129	1
6470	1
6471	1
6472	1
9412	1
8130	1
8131	1
8132	1
9413	1
4102	1
6473	1
6474	1
8133	1
3351	1
3352	1
3353	1
3354	1
3355	1
3356	1
6475	1
6476	1
5061	1
6477	1
6478	1
9414	1
8134	1
8135	1
8136	1
8137	1
9415	1
5062	1
2761	1
2762	1
2763	1
2764	1
2765	1
2766	1
8138	1
4103	1
4104	1
4105	1
4106	1
6479	1
5063	1
5064	1
5065	1
5066	1
5067	1
5068	1
5069	1
6480	1
6481	1
6482	1
6483	1
5070	1
5071	1
5072	1
5073	1
5074	1
5075	1
5076	1
9416	1
8139	1
8140	1
3357	1
3358	1
3359	1
2283	1
2284	1
4107	1
4108	1
8141	1
8142	1
8143	1
8144	1
1452	1
1453	1
1454	1
1455	1
1456	1
1457	1
1458	1
1459	1
1460	1
1461	1
1462	1
8145	1
4109	1
9417	1
6484	1
6485	1
6486	1
4110	1
4111	1
3360	1
3361	1
3362	1
3363	1
4112	1
4113	1
4114	1
5077	1
9418	1
8146	1
5078	1
5079	1
8147	1
8148	1
1964	1
1965	1
1966	1
1967	1
1968	1
4115	1
6487	1
9419	1
6488	1
6489	1
6490	1
6491	1
6492	1
4116	1
8149	1
4117	1
6493	1
6494	1
6495	1
8150	1
8151	1
1969	1
1970	1
1971	1
5080	1
5081	1
9420	1
8152	1
4118	1
4119	1
4120	1
8153	1
6496	1
6497	1
3364	1
3365	1
3366	1
3367	1
3368	1
3369	1
5082	1
5083	1
5084	1
5085	1
5086	1
6498	1
5087	1
6499	1
6500	1
6501	1
6502	1
8154	1
2285	1
2286	1
2287	1
2288	1
6503	1
3370	1
9421	1
9422	1
2289	1
2290	1
4121	1
6504	1
8155	1
8156	1
6505	1
6506	1
8157	1
8158	1
8159	1
3371	1
3372	1
3373	1
3374	1
3375	1
8160	1
4122	1
4123	1
5088	1
5089	1
5090	1
6507	1
6508	1
5091	1
5092	1
8161	1
8162	1
9423	1
9424	1
8163	1
9425	1
6509	1
6510	1
8164	1
6511	1
8165	1
5093	1
5094	1
2291	1
2292	1
2293	1
2294	1
2295	1
2296	1
2297	1
2298	1
8166	1
5095	1
9426	1
4124	1
4125	1
5096	1
5097	1
8167	1
9427	1
5098	1
5099	1
5100	1
9428	1
3376	1
3377	1
3378	1
3379	1
3380	1
6512	1
6513	1
3381	1
3382	1
3383	1
6514	1
9429	1
8168	1
8169	1
8170	1
6515	1
9430	1
8171	1
8172	1
4126	1
4127	1
4128	1
4129	1
4130	1
6516	1
6517	1
6518	1
6519	1
6520	1
8173	1
9431	1
6521	1
3384	1
3385	1
3386	1
3387	1
9432	1
6522	1
6523	1
2767	1
2768	1
2769	1
8174	1
2770	1
2771	1
2772	1
2773	1
2774	1
5101	1
5102	1
5103	1
2775	1
2776	1
2777	1
2778	1
2779	1
2780	1
9433	1
8175	1
8176	1
5104	1
5105	1
8177	1
9434	1
6524	1
6525	1
9435	1
6526	1
6527	1
8178	1
6528	1
8179	1
8180	1
8181	1
5106	1
8182	1
5107	1
3388	1
3389	1
3390	1
3391	1
3392	1
3393	1
8183	1
6529	1
6530	1
6531	1
5108	1
5109	1
9436	1
8184	1
8185	1
9437	1
8186	1
5110	1
5111	1
8187	1
5112	1
5113	1
2781	1
9438	1
8188	1
8189	1
5114	1
5115	1
1281	1
8190	1
9439	1
8191	1
8192	1
6532	1
6533	1
6534	1
6535	1
6536	1
1463	1
1464	1
1465	1
1466	1
1467	1
1468	1
1469	1
1470	1
1471	1
5116	1
5117	1
8193	1
6537	1
6538	1
5118	1
5119	1
9440	1
6539	1
6540	1
6541	1
5120	1
9441	1
6542	1
6543	1
6544	1
6545	1
6546	1
3394	1
3395	1
3396	1
8194	1
8195	1
8196	1
8197	1
5121	1
5122	1
8198	1
8199	1
5123	1
6547	1
6548	1
6549	1
9442	1
6550	1
6551	1
6552	1
6553	1
2782	1
2783	1
2784	1
2785	1
2786	1
2787	1
6554	1
6555	1
2299	1
6556	1
8200	1
8201	1
3397	1
3398	1
3399	1
4131	1
4132	1
4133	1
4134	1
9443	1
6557	1
3400	1
3401	1
8202	1
9444	1
6558	1
8203	1
8204	1
8205	1
8206	1
9445	1
8207	1
8208	1
6559	1
6560	1
8209	1
6561	1
3402	1
3403	1
3404	1
8210	1
8211	1
9446	1
5124	1
6562	1
4135	1
5125	1
5126	1
6563	1
6564	1
6565	1
8212	1
6566	1
6567	1
6568	1
2788	1
2789	1
6569	1
5127	1
5128	1
5129	1
9447	1
6570	1
6571	1
9448	1
8213	1
8214	1
9449	1
3405	1
8215	1
9450	1
8216	1
8217	1
4136	1
4137	1
4138	1
4139	1
4140	1
4141	1
6572	1
6573	1
6574	1
9451	1
9452	1
9453	1
4142	1
4143	1
8218	1
9454	1
8219	1
8220	1
8221	1
6575	1
6576	1
5130	1
5131	1
5132	1
6577	1
4144	1
6578	1
6579	1
5133	1
6580	1
6581	1
9455	1
2790	1
2791	1
6582	1
8222	1
8223	1
6583	1
6584	1
8224	1
4145	1
4146	1
6585	1
8225	1
8226	1
9456	1
8227	1
8228	1
6586	1
9457	1
9458	1
5134	1
9459	1
5135	1
5136	1
5137	1
8229	1
8230	1
8231	1
8232	1
9460	1
9461	1
9462	1
6587	1
6588	1
9463	1
6589	1
4147	1
4148	1
4149	1
6590	1
6591	1
6592	1
4150	1
4151	1
8233	1
8234	1
8235	1
5138	1
4152	1
4153	1
4154	1
8236	1
8237	1
9464	1
1676	1
6593	1
2300	1
8238	1
6594	1
8239	1
9465	1
9466	1
5139	1
5140	1
5141	1
5142	1
6595	1
8240	1
8241	1
3406	1
9467	1
8242	1
5143	1
9468	1
9469	1
3407	1
3408	1
6596	1
6597	1
8243	1
6598	1
6599	1
4155	1
4156	1
8244	1
5144	1
6600	1
5145	1
5146	1
5147	1
5148	1
6601	1
6602	1
6603	1
5149	1
5150	1
5151	1
5152	1
9470	1
6604	1
8245	1
9471	1
9472	1
3409	1
3410	1
8246	1
6605	1
5153	1
8247	1
6606	1
6607	1
6608	1
8248	1
5154	1
5155	1
5156	1
5157	1
9473	1
8249	1
4157	1
4158	1
6609	1
6610	1
8250	1
6611	1
6612	1
4159	1
4160	1
8251	1
4161	1
4162	1
4163	1
4164	1
6613	1
9474	1
5158	1
5159	1
8252	1
4165	1
9475	1
6614	1
6615	1
6616	1
6617	1
6618	1
6619	1
6620	1
6621	1
6622	1
6623	1
6624	1
6625	1
8253	1
8254	1
4166	1
4167	1
4168	1
8255	1
6626	1
6627	1
8256	1
4169	1
4170	1
5160	1
8257	1
8258	1
8259	1
6628	1
2301	1
2302	1
2303	1
2304	1
2305	1
2306	1
9476	1
2307	1
2308	1
2309	1
9477	1
2310	1
2311	1
2312	1
6629	1
8260	1
8261	1
8262	1
4171	1
3411	1
3412	1
9478	1
8263	1
8264	1
4172	1
6630	1
6631	1
5161	1
5162	1
5163	1
9479	1
9480	1
5164	1
5165	1
8265	1
8266	1
6632	1
6633	1
8267	1
6634	1
6635	1
6636	1
2792	1
2793	1
2794	1
2795	1
5166	1
8268	1
6637	1
6638	1
9481	1
9482	1
9483	1
6639	1
6640	1
8269	1
9484	1
4173	1
5167	1
5168	1
5169	1
8270	1
3413	1
3414	1
3415	1
3416	1
6641	1
4174	1
4175	1
4176	1
4177	1
6642	1
6643	1
6644	1
5170	1
5171	1
9485	1
8271	1
8272	1
2796	1
2797	1
2798	1
2799	1
2800	1
2801	1
6645	1
6646	1
9486	1
5172	1
5173	1
5174	1
9487	1
5175	1
4178	1
5176	1
5177	1
5178	1
5179	1
3417	1
3418	1
3419	1
5180	1
8273	1
8274	1
8275	1
8276	1
9488	1
8277	1
5181	1
6647	1
6648	1
6649	1
6650	1
6651	1
6652	1
6653	1
5182	1
5183	1
5184	1
5185	1
6654	1
8278	1
8279	1
9489	1
9490	1
5186	1
5187	1
5188	1
9491	1
6655	1
6656	1
6657	1
5189	1
5190	1
5191	1
5192	1
5193	1
5194	1
9492	1
4179	1
5195	1
5196	1
5197	1
5198	1
6658	1
8280	1
8281	1
9493	1
9494	1
6659	1
5199	1
5200	1
4180	1
4181	1
4182	1
4183	1
8282	1
8283	1
5201	1
8284	1
9495	1
9496	1
8285	1
5202	1
5203	1
8286	1
6660	1
6661	1
6662	1
6663	1
6664	1
9497	1
8287	1
6665	1
6666	1
6667	1
5204	1
5205	1
5206	1
6668	1
5207	1
5208	1
5209	1
9498	1
8288	1
8289	1
9499	1
5210	1
5211	1
5212	1
8290	1
6669	1
6670	1
8291	1
6671	1
6672	1
6673	1
9500	1
6674	1
8292	1
5213	1
5214	1
5215	1
5216	1
5217	1
5218	1
5219	1
5220	1
8293	1
8294	1
8295	1
4184	1
4185	1
6675	1
9501	1
5221	1
6676	1
8296	1
8297	1
9502	1
4186	1
4187	1
4188	1
6677	1
5222	1
6678	1
5223	1
6679	1
6680	1
6681	1
8298	1
4189	1
4190	1
6682	1
6683	1
6684	1
6685	1
6686	1
6687	1
6688	1
5224	1
5225	1
5226	1
8299	1
8300	1
8301	1
8302	1
8303	1
6689	1
6690	1
4191	1
4192	1
8304	1
8305	1
9503	1
5227	1
5228	1
5229	1
5230	1
5231	1
6691	1
6692	1
6693	1
5232	1
5233	1
4193	1
8306	1
6694	1
6695	1
5234	1
9504	1
9505	1
1108	1
1109	1
1110	1
1111	1
1112	1
1113	1
1114	1
1115	1
1116	1
1117	1
1118	1
3420	1
6696	1
6697	1
8307	1
5235	1
5236	1
6698	1
5237	1
701	1
702	1
703	1
8308	1
5238	1
5239	1
5240	1
5241	1
9506	1
8309	1
4194	1
6699	1
6700	1
8310	1
8311	1
8312	1
9507	1
5242	1
6701	1
8313	1
9508	1
8314	1
8315	1
8316	1
6702	1
6703	1
6704	1
5243	1
5244	1
5245	1
5246	1
5247	1
5248	1
5249	1
5250	1
5251	1
6705	1
5252	1
5253	1
5254	1
5255	1
5256	1
5257	1
4195	1
4196	1
4197	1
4198	1
4199	1
9509	1
4200	1
6706	1
6707	1
5258	1
5259	1
5260	1
5261	1
3421	1
3422	1
3423	1
6708	1
6709	1
8317	1
9510	1
6710	1
6711	1
8318	1
8319	1
5262	1
5263	1
4201	1
5264	1
5265	1
5266	1
5267	1
6712	1
6713	1
6714	1
6715	1
2802	1
2803	1
9511	1
8320	1
4202	1
4203	1
4204	1
9512	1
6716	1
4205	1
4206	1
9513	1
3424	1
3425	1
3426	1
3427	1
3428	1
4207	1
8321	1
8322	1
6717	1
6718	1
5268	1
5269	1
4208	1
5270	1
3429	1
5271	1
1119	1
1120	1
1121	1
1122	1
1123	1
1124	1
1125	1
1126	1
1127	1
1128	1
1129	1
1130	1
1131	1
9514	1
5272	1
5273	1
5274	1
5275	1
8323	1
6719	1
5276	1
5277	1
5278	1
2804	1
8324	1
6720	1
5279	1
5280	1
5281	1
5282	1
6721	1
6722	1
9515	1
6723	1
8325	1
8326	1
4209	1
4210	1
4211	1
4212	1
6724	1
6725	1
5283	1
5284	1
4213	1
4214	1
4215	1
2805	1
2806	1
2807	1
2808	1
2809	1
2810	1
2811	1
8327	1
9516	1
8328	1
8329	1
5285	1
4216	1
4217	1
9517	1
8330	1
6726	1
5286	1
4218	1
4219	1
4220	1
4221	1
4222	1
6727	1
6728	1
6729	1
5287	1
5288	1
5289	1
5290	1
9518	1
4223	1
8331	1
6730	1
6731	1
6732	1
6733	1
6734	1
5291	1
5292	1
5293	1
5294	1
8332	1
1472	1
1473	1
1474	1
1475	1
1476	1
1477	1
1478	1
5295	1
5296	1
8333	1
6735	1
8334	1
8335	1
5297	1
3430	1
3431	1
3432	1
3433	1
8336	1
8337	1
6736	1
6737	1
5298	1
5299	1
5300	1
5301	1
5302	1
4224	1
4225	1
2812	1
2813	1
2814	1
2815	1
2816	1
2817	1
8338	1
5303	1
5304	1
6738	1
6739	1
9519	1
8339	1
6740	1
6741	1
8340	1
8341	1
5305	1
6742	1
6743	1
6744	1
9520	1
4226	1
4227	1
4228	1
5306	1
6745	1
6746	1
6747	1
6748	1
6749	1
6750	1
6751	1
9521	1
8342	1
6752	1
2313	1
2314	1
2315	1
2316	1
2317	1
2318	1
8343	1
8344	1
8345	1
3434	1
3435	1
3436	1
5307	1
8346	1
8347	1
9522	1
8348	1
8349	1
3437	1
3438	1
3439	1
6753	1
8350	1
6754	1
6755	1
6756	1
6757	1
9523	1
8351	1
8352	1
8353	1
9524	1
6758	1
8354	1
8355	1
8356	1
4229	1
9525	1
5308	1
9526	1
6759	1
6760	1
6761	1
8357	1
8358	1
1972	1
1973	1
1974	1
1975	1
1976	1
1977	1
1978	1
1979	1
3440	1
3441	1
3442	1
3443	1
3444	1
3445	1
9527	1
9528	1
8359	1
3446	1
3447	1
3448	1
4230	1
4231	1
8360	1
5309	1
6762	1
6763	1
6764	1
6765	1
8361	1
8362	1
9529	1
6766	1
8363	1
6767	1
8364	1
6768	1
6769	1
8365	1
9530	1
8366	1
8367	1
8368	1
6770	1
8369	1
6771	1
8370	1
6772	1
5310	1
8371	1
8372	1
3449	1
3450	1
3451	1
3452	1
6773	1
6774	1
8373	1
8374	1
8375	1
8376	1
6775	1
5311	1
8377	1
6776	1
6777	1
6778	1
3453	1
3454	1
6779	1
6780	1
8378	1
2818	1
6781	1
8379	1
6782	1
9531	1
6783	1
9532	1
9533	1
2319	1
2320	1
2321	1
2322	1
8380	1
8381	1
6784	1
6785	1
5312	1
9534	1
2323	1
2324	1
2325	1
2326	1
2327	1
2328	1
2329	1
6786	1
8382	1
4232	1
4233	1
6787	1
6788	1
5313	1
6789	1
8383	1
4234	1
4235	1
4236	1
4237	1
8384	1
8385	1
8386	1
6790	1
6791	1
6792	1
9535	1
4238	1
4239	1
4240	1
6793	1
6794	1
6795	1
8387	1
6796	1
6797	1
6798	1
6799	1
6800	1
8388	1
8389	1
6801	1
9536	1
8390	1
8391	1
8392	1
8393	1
8394	1
2330	1
2331	1
2332	1
2333	1
2334	1
2335	1
8395	1
8396	1
9537	1
6802	1
6803	1
5314	1
5315	1
5316	1
5317	1
5318	1
6804	1
6805	1
6806	1
8397	1
6807	1
6808	1
9538	1
9539	1
9540	1
4241	1
6809	1
6810	1
6811	1
6812	1
6813	1
8398	1
8399	1
5319	1
5320	1
8400	1
8401	1
9541	1
5321	1
5322	1
5323	1
5324	1
9542	1
5325	1
5326	1
9543	1
4242	1
4243	1
9544	1
9545	1
9546	1
5327	1
5328	1
268	1
269	1
270	1
271	1
272	1
273	1
274	1
275	1
276	1
277	1
278	1
279	1
280	1
281	1
282	1
283	1
284	1
285	1
286	1
287	1
9547	1
8402	1
8403	1
5329	1
2336	1
2337	1
2338	1
2339	1
2340	1
6814	1
8404	1
8405	1
5330	1
5331	1
5332	1
5333	1
8406	1
8407	1
6815	1
6816	1
6817	1
6818	1
6819	1
6820	1
6821	1
9548	1
6822	1
6823	1
6824	1
5334	1
5335	1
5336	1
8408	1
8409	1
9549	1
8410	1
8411	1
6825	1
6826	1
6827	1
6828	1
8412	1
8413	1
8414	1
5337	1
8415	1
6829	1
6830	1
8416	1
8417	1
5338	1
6831	1
6832	1
8418	1
8419	1
6833	1
8420	1
9550	1
4244	1
4245	1
4246	1
4247	1
6834	1
5339	1
5340	1
8421	1
8422	1
8423	1
4248	1
4249	1
5341	1
5342	1
9551	1
8424	1
5343	1
5344	1
5345	1
5346	1
4250	1
4251	1
4252	1
4253	1
8425	1
8426	1
8427	1
8428	1
8429	1
5347	1
5348	1
5349	1
9552	1
6835	1
6836	1
9553	1
5350	1
5351	1
8430	1
6837	1
5352	1
6838	1
6839	1
8431	1
8432	1
8433	1
6840	1
6841	1
8434	1
8435	1
8436	1
5353	1
8437	1
8438	1
9554	1
5354	1
5355	1
6842	1
6843	1
5356	1
5357	1
5358	1
5359	1
5360	1
8439	1
8440	1
5361	1
6844	1
8441	1
6845	1
6846	1
6847	1
5362	1
5363	1
8442	1
9555	1
6848	1
8443	1
4254	1
4255	1
8444	1
6849	1
4256	1
4257	1
4258	1
8445	1
5364	1
5365	1
6850	1
5366	1
8446	1
6851	1
5367	1
5368	1
5369	1
9556	1
9557	1
4259	1
4260	1
5370	1
6852	1
6853	1
8447	1
8448	1
4261	1
4262	1
4263	1
8449	1
6854	1
9558	1
8450	1
5371	1
5372	1
4264	1
4265	1
4266	1
8451	1
8452	1
8453	1
6855	1
9559	1
9560	1
5373	1
5374	1
9561	1
6856	1
6857	1
5375	1
5376	1
5377	1
5378	1
8454	1
5379	1
5380	1
5381	1
5382	1
5383	1
9562	1
901	1
902	1
903	1
904	1
905	1
906	1
907	1
908	1
909	1
5384	1
5385	1
6858	1
6859	1
6860	1
6861	1
6862	1
6863	1
8455	1
9563	1
9564	1
6864	1
1980	1
1981	1
5386	1
1677	1
1678	1
1679	1
1680	1
1681	1
1682	1
1683	1
1684	1
1685	1
5387	1
5388	1
5389	1
5390	1
5391	1
8456	1
5392	1
5393	1
8457	1
8458	1
8459	1
8460	1
8461	1
8462	1
6865	1
6866	1
5394	1
8463	1
8464	1
5395	1
9565	1
6867	1
6868	1
6869	1
5396	1
5397	1
5398	1
5399	1
6870	1
8465	1
8466	1
9566	1
5400	1
6871	1
9567	1
8467	1
6872	1
6873	1
5401	1
9568	1
6874	1
8468	1
8469	1
2341	1
8470	1
8471	1
8472	1
8473	1
9569	1
6875	1
6876	1
5402	1
9570	1
8474	1
6877	1
9571	1
6878	1
6879	1
5403	1
5404	1
5405	1
5406	1
1982	1
1983	1
1984	1
1985	1
1986	1
1987	1
6880	1
6881	1
8475	1
8476	1
6882	1
6883	1
5407	1
6884	1
6885	1
6886	1
8477	1
4267	1
4268	1
4269	1
6887	1
6888	1
6889	1
3455	1
3456	1
3457	1
704	1
705	1
706	1
707	1
8478	1
8479	1
5408	1
5409	1
5410	1
8480	1
8481	1
6890	1
6891	1
8482	1
8483	1
8484	1
2819	1
2820	1
2821	1
2822	1
8485	1
5411	1
5412	1
5413	1
8486	1
8487	1
6892	1
6893	1
6894	1
8488	1
8489	1
8490	1
3458	1
3459	1
6895	1
9572	1
6896	1
6897	1
8491	1
5414	1
8492	1
9573	1
4270	1
4271	1
4272	1
4273	1
8493	1
8494	1
8495	1
8496	1
6898	1
6899	1
5415	1
9574	1
9575	1
8497	1
6900	1
6901	1
6902	1
4274	1
4275	1
4276	1
8498	1
5416	1
5417	1
4277	1
4278	1
6903	1
5418	1
8499	1
9576	1
8500	1
5419	1
5420	1
5421	1
8501	1
9577	1
3460	1
3461	1
3462	1
3463	1
5422	1
8502	1
8503	1
6904	1
4279	1
4280	1
4281	1
4282	1
6905	1
6906	1
6907	1
6908	1
6909	1
6910	1
6911	1
6912	1
9578	1
5423	1
6913	1
6914	1
5424	1
5425	1
5426	1
5427	1
8504	1
8505	1
8506	1
9579	1
2823	1
2824	1
6915	1
6916	1
6917	1
6918	1
8507	1
9580	1
8508	1
6919	1
4283	1
9581	1
5428	1
5429	1
9582	1
6920	1
5430	1
5431	1
8509	1
8510	1
5432	1
5433	1
5434	1
6921	1
6922	1
6923	1
6924	1
6925	1
3464	1
9583	1
6926	1
2825	1
2826	1
2827	1
2828	1
8511	1
9584	1
4284	1
5435	1
5436	1
8512	1
8513	1
8514	1
8515	1
4285	1
4286	1
4287	1
3465	1
3466	1
3467	1
3468	1
3469	1
8516	1
4288	1
4289	1
4290	1
4291	1
4292	1
6927	1
6928	1
6929	1
6930	1
6931	1
4293	1
4294	1
4295	1
4296	1
8517	1
5437	1
5438	1
5439	1
6932	1
6933	1
6934	1
6935	1
6936	1
9585	1
5440	1
4297	1
4298	1
4299	1
6937	1
4300	1
5441	1
5442	1
5443	1
2342	1
2343	1
2344	1
2345	1
2346	1
2347	1
6938	1
6939	1
6940	1
8518	1
8519	1
8520	1
8521	1
8522	1
4301	1
4302	1
9586	1
8523	1
4303	1
4304	1
2348	1
2349	1
2350	1
2351	1
6941	1
6942	1
4305	1
4306	1
6943	1
5444	1
5445	1
5446	1
8524	1
8525	1
5447	1
5448	1
8526	1
8527	1
8528	1
6944	1
6945	1
6946	1
9587	1
6947	1
6948	1
6949	1
5449	1
5450	1
5451	1
8529	1
8530	1
8531	1
8532	1
8533	1
8534	1
6950	1
5452	1
6951	1
6952	1
6953	1
5453	1
6954	1
4307	1
4308	1
4309	1
4310	1
6955	1
6956	1
9588	1
2829	1
2830	1
5454	1
9589	1
6957	1
6958	1
6959	1
4311	1
8535	1
9590	1
3470	1
3471	1
3472	1
3473	1
8536	1
6960	1
6961	1
6962	1
8537	1
5455	1
5456	1
5457	1
5458	1
5459	1
5460	1
6963	1
8538	1
6964	1
6965	1
6966	1
6967	1
6968	1
8539	1
6969	1
6970	1
6971	1
4312	1
4313	1
4314	1
9591	1
8540	1
2831	1
2832	1
4315	1
2352	1
2353	1
2354	1
2355	1
2356	1
2357	1
8541	1
8542	1
8543	1
5461	1
5462	1
5463	1
9592	1
6972	1
6973	1
6974	1
5464	1
5465	1
5466	1
5467	1
5468	1
8544	1
5469	1
5470	1
5471	1
8545	1
5472	1
5473	1
5474	1
5475	1
9593	1
4316	1
4317	1
4318	1
4319	1
4320	1
8546	1
5476	1
5477	1
5478	1
6975	1
4321	1
4322	1
8547	1
8548	1
6976	1
6977	1
6978	1
5479	1
5480	1
4323	1
4324	1
5481	1
5482	1
6979	1
9594	1
5483	1
5484	1
5485	1
9595	1
8549	1
6980	1
6981	1
5486	1
5487	1
5488	1
5489	1
5490	1
6982	1
3474	1
3475	1
3476	1
3477	1
3478	1
3479	1
9596	1
5491	1
5492	1
5493	1
8550	1
4325	1
4326	1
4327	1
4328	1
9597	1
5494	1
9598	1
8551	1
8552	1
6983	1
6984	1
6985	1
6986	1
8553	1
8554	1
8555	1
9599	1
5495	1
6987	1
5496	1
9600	1
8556	1
5497	1
5498	1
6988	1
5499	1
5500	1
8557	1
5501	1
5502	1
6989	1
6990	1
5503	1
5504	1
5505	1
5506	1
8558	1
8559	1
6991	1
6992	1
6993	1
8560	1
5507	1
5508	1
8561	1
9601	1
6994	1
6995	1
6996	1
8562	1
8563	1
1479	1
1480	1
1481	1
1482	1
1483	1
1484	1
6997	1
6998	1
5509	1
6999	1
7000	1
4329	1
7001	1
9602	1
8564	1
8565	1
8566	1
5510	1
5511	1
5512	1
5513	1
8567	1
7002	1
8568	1
8569	1
7003	1
7004	1
7005	1
7006	1
8570	1
8571	1
7007	1
4330	1
5514	1
5515	1
8572	1
8573	1
8574	1
8575	1
7008	1
7009	1
5516	1
5517	1
5518	1
5519	1
9603	1
8576	1
8577	1
9604	1
8578	1
9605	1
8579	1
8580	1
7010	1
7011	1
7012	1
7013	1
7014	1
9606	1
9607	1
7015	1
9608	1
4331	1
4332	1
4333	1
4334	1
4335	1
9609	1
7016	1
7017	1
8581	1
4336	1
4337	1
4338	1
4339	1
4340	1
9610	1
7018	1
7019	1
7020	1
7021	1
7022	1
7023	1
3480	1
3481	1
3482	1
3483	1
3484	1
7024	1
7025	1
5520	1
5521	1
8582	1
7026	1
7027	1
5522	1
5523	1
8583	1
5524	1
8584	1
708	1
709	1
710	1
711	1
712	1
713	1
8585	1
8586	1
4341	1
4342	1
9611	1
5525	1
5526	1
5527	1
5528	1
5529	1
5530	1
5531	1
7028	1
7029	1
5532	1
8587	1
8588	1
1686	1
1687	1
1688	1
1689	1
1690	1
5533	1
5534	1
7030	1
7031	1
9612	1
4343	1
4344	1
4345	1
4346	1
4347	1
5535	1
7032	1
9613	1
7033	1
7034	1
7035	1
4348	1
4349	1
4350	1
8589	1
8590	1
8591	1
7036	1
9614	1
7037	1
8592	1
4351	1
4352	1
4353	1
7038	1
7039	1
5536	1
5537	1
7040	1
7041	1
7042	1
8593	1
8594	1
4354	1
4355	1
9615	1
9616	1
5538	1
5539	1
9617	1
8595	1
8596	1
5540	1
5541	1
5542	1
5543	1
7043	1
7044	1
7045	1
7046	1
5544	1
5545	1
5546	1
5547	1
8597	1
8598	1
4356	1
4357	1
3485	1
3486	1
3487	1
8599	1
9618	1
4358	1
7047	1
7048	1
9619	1
8600	1
8601	1
9620	1
4359	1
8602	1
9621	1
4360	1
4361	1
4362	1
4363	1
9622	1
3488	1
8603	1
8604	1
7049	1
7050	1
7051	1
9623	1
7052	1
7053	1
9624	1
8605	1
8606	1
4364	1
4365	1
4366	1
4367	1
1485	1
7054	1
8607	1
8608	1
5548	1
7055	1
7056	1
5549	1
9625	1
4368	1
4369	1
7057	1
5550	1
5551	1
9626	1
3489	1
7058	1
8609	1
5552	1
5553	1
8610	1
8611	1
8612	1
8613	1
8614	1
9627	1
8615	1
9628	1
7059	1
8616	1
9629	1
8617	1
8618	1
8619	1
9630	1
7060	1
7061	1
8620	1
5554	1
5555	1
9631	1
2833	1
2834	1
2835	1
8621	1
9632	1
7062	1
9633	1
7063	1
5556	1
5557	1
7064	1
7065	1
7066	1
8622	1
8623	1
9634	1
1691	1
1692	1
8624	1
9635	1
9636	1
8625	1
9637	1
4370	1
4371	1
7067	1
8626	1
4372	1
4373	1
4374	1
9638	1
8627	1
9639	1
8628	1
8629	1
9640	1
5558	1
5559	1
5560	1
5561	1
7068	1
7069	1
3490	1
3491	1
3492	1
3493	1
3494	1
8630	1
8631	1
8632	1
3495	1
7070	1
8633	1
5562	1
5563	1
7071	1
7072	1
9641	1
7073	1
9642	1
8634	1
8635	1
2358	1
2359	1
2360	1
2361	1
5564	1
5565	1
7074	1
9643	1
9644	1
9645	1
8636	1
8637	1
7075	1
7076	1
8638	1
8639	1
5566	1
8640	1
5567	1
8641	1
7077	1
4375	1
7078	1
7079	1
7080	1
7081	1
7082	1
8642	1
8643	1
8644	1
8645	1
9646	1
8646	1
8647	1
1132	1
1133	1
1134	1
1135	1
1136	1
1137	1
1138	1
1139	1
9647	1
5568	1
9648	1
9649	1
1693	1
1694	1
1695	1
1696	1
1697	1
1698	1
1699	1
7083	1
9650	1
5569	1
7084	1
5570	1
5571	1
7085	1
7086	1
3496	1
9651	1
5572	1
4376	1
5573	1
9652	1
8648	1
4377	1
4378	1
4379	1
7087	1
9653	1
8649	1
8650	1
8651	1
7088	1
7089	1
8652	1
9654	1
4380	1
4381	1
9655	1
8653	1
7090	1
7091	1
4382	1
4383	1
5574	1
5575	1
5576	1
5577	1
9656	1
8654	1
7092	1
9657	1
7093	1
7094	1
8655	1
9658	1
7095	1
7096	1
7097	1
7098	1
7099	1
8656	1
7100	1
7101	1
9659	1
5578	1
7102	1
7103	1
5579	1
5580	1
5581	1
7104	1
7105	1
7106	1
7107	1
7108	1
7109	1
7110	1
8657	1
3497	1
8658	1
2836	1
2837	1
7111	1
7112	1
8659	1
8660	1
9660	1
8661	1
8662	1
3498	1
4384	1
4385	1
4386	1
9661	1
5582	1
5583	1
7113	1
7114	1
7115	1
8663	1
8664	1
3499	1
3500	1
3501	1
4387	1
4388	1
4389	1
8665	1
8666	1
8667	1
2838	1
2839	1
5584	1
5585	1
5586	1
5587	1
7116	1
7117	1
7118	1
8668	1
7119	1
8669	1
5588	1
5589	1
5590	1
5591	1
5592	1
8670	1
7120	1
7121	1
8671	1
7122	1
7123	1
7124	1
9662	1
9663	1
7125	1
7126	1
9664	1
7127	1
8672	1
8673	1
8674	1
8675	1
8676	1
2362	1
2363	1
9665	1
8677	1
8678	1
7128	1
7129	1
3502	1
3503	1
3504	1
3505	1
3506	1
3507	1
7130	1
7131	1
8679	1
1988	1
9666	1
5593	1
5594	1
2364	1
2840	1
2841	1
2842	1
2843	1
2844	1
2845	1
2846	1
4390	1
3508	1
3509	1
3510	1
3511	1
5595	1
5596	1
4391	1
4392	1
4393	1
5597	1
5598	1
8680	1
7132	1
7133	1
4394	1
7134	1
7135	1
7136	1
8681	1
9667	1
9668	1
9669	1
5599	1
5600	1
7137	1
7138	1
7139	1
7140	1
7141	1
9670	1
7142	1
7143	1
9671	1
1282	1
1283	1
1284	1
1285	1
1286	1
8682	1
8683	1
5601	1
5602	1
8684	1
7144	1
5603	1
5604	1
5605	1
5606	1
5607	1
5608	1
5609	1
5610	1
5611	1
2847	1
2848	1
2849	1
8685	1
7145	1
7146	1
9672	1
7147	1
8686	1
7148	1
7149	1
7150	1
7151	1
7152	1
7153	1
8687	1
2850	1
2851	1
8688	1
8689	1
8690	1
7154	1
7155	1
2365	1
2366	1
2367	1
2368	1
9673	1
5612	1
8691	1
9674	1
9675	1
7156	1
7157	1
7158	1
8692	1
5613	1
5614	1
8693	1
7159	1
8694	1
7160	1
7161	1
7162	1
7163	1
8695	1
8696	1
5615	1
5616	1
5617	1
5618	1
7164	1
7165	1
7166	1
5619	1
5620	1
3512	1
3513	1
5621	1
5622	1
5623	1
5624	1
5625	1
7167	1
8697	1
7168	1
5626	1
5627	1
5628	1
5629	1
5630	1
5631	1
5632	1
5633	1
1989	1
5634	1
5635	1
5636	1
5637	1
5638	1
5639	1
5640	1
7169	1
9676	1
8698	1
8699	1
9677	1
4395	1
4396	1
7170	1
8700	1
8701	1
9678	1
7171	1
7172	1
5641	1
5642	1
5643	1
7173	1
5644	1
5645	1
4397	1
4398	1
7174	1
5646	1
8702	1
8703	1
8704	1
9679	1
8705	1
8706	1
8707	1
5647	1
5648	1
5649	1
5650	1
5651	1
5652	1
5653	1
5654	1
7175	1
7176	1
9680	1
436	1
437	1
438	1
439	1
440	1
441	1
4399	1
4400	1
9681	1
8708	1
5655	1
5656	1
8709	1
7177	1
7178	1
7179	1
7180	1
7181	1
7182	1
7183	1
7184	1
7185	1
7186	1
7187	1
7188	1
7189	1
7190	1
7191	1
7192	1
5657	1
5658	1
5659	1
5660	1
2852	1
3514	1
3515	1
3516	1
3517	1
7193	1
8710	1
8711	1
7194	1
5661	1
5662	1
8712	1
8713	1
8714	1
8715	1
9682	1
5663	1
5664	1
4401	1
4402	1
9683	1
9684	1
8716	1
8717	1
9685	1
9686	1
5665	1
9687	1
8718	1
8719	1
4403	1
8720	1
8721	1
5666	1
5667	1
5668	1
7195	1
8722	1
8723	1
4404	1
8724	1
8725	1
8726	1
9688	1
8727	1
5669	1
8728	1
7196	1
3518	1
2853	1
2854	1
2855	1
2856	1
2857	1
9689	1
3519	1
8729	1
2858	1
2859	1
2860	1
2861	1
2862	1
9690	1
9691	1
9692	1
5670	1
5671	1
5672	1
2863	1
2864	1
2865	1
5673	1
5674	1
7197	1
8730	1
9693	1
2866	1
2867	1
2868	1
2869	1
2870	1
9694	1
8731	1
7198	1
7199	1
7200	1
7201	1
7202	1
8732	1
7203	1
7204	1
5675	1
9695	1
8733	1
8734	1
7205	1
3520	1
3521	1
3522	1
3523	1
3524	1
3525	1
3526	1
3527	1
7206	1
8735	1
8736	1
8737	1
7207	1
7208	1
4405	1
4406	1
4407	1
5676	1
5677	1
5678	1
7209	1
7210	1
4408	1
4409	1
4410	1
4411	1
4412	1
4413	1
9696	1
7211	1
1700	1
1701	1
5679	1
5680	1
5681	1
8738	1
8739	1
5682	1
5683	1
5684	1
5685	1
9697	1
8740	1
8741	1
8742	1
5686	1
714	1
715	1
716	1
717	1
718	1
719	1
720	1
721	1
722	1
723	1
724	1
725	1
9698	1
5687	1
5688	1
5689	1
5690	1
5691	1
5692	1
5693	1
5694	1
5695	1
5696	1
7212	1
4414	1
5697	1
5698	1
7213	1
7214	1
8743	1
8744	1
8745	1
9699	1
8746	1
3528	1
3529	1
3530	1
1990	1
1991	1
1702	1
1703	1
1704	1
1705	1
1706	1
1707	1
1708	1
1709	1
5699	1
5700	1
7215	1
7216	1
7217	1
7218	1
7219	1
5701	1
5702	1
5703	1
5704	1
9700	1
9701	1
7220	1
7221	1
7222	1
8747	1
8748	1
4415	1
9702	1
8749	1
7223	1
7224	1
8750	1
7225	1
7226	1
5705	1
5706	1
9703	1
7227	1
7228	1
7229	1
8751	1
3531	1
3532	1
8752	1
7230	1
7231	1
7232	1
8753	1
7233	1
8754	1
8755	1
7234	1
7235	1
7236	1
8756	1
7237	1
7238	1
5707	1
7239	1
7240	1
8757	1
8758	1
8759	1
5708	1
5709	1
7241	1
7242	1
7243	1
7244	1
7245	1
8760	1
7246	1
7247	1
7248	1
7249	1
7250	1
9704	1
4416	1
8761	1
8762	1
8763	1
8764	1
4417	1
4418	1
5710	1
5711	1
5712	1
7251	1
7252	1
7253	1
7254	1
9705	1
5713	1
5714	1
8765	1
8766	1
7255	1
9706	1
7256	1
5715	1
8767	1
8768	1
8769	1
8770	1
9707	1
5716	1
5717	1
5718	1
8771	1
9708	1
7257	1
7258	1
7259	1
3533	1
3534	1
3535	1
7260	1
7261	1
7262	1
9709	1
8772	1
8773	1
5719	1
7263	1
7264	1
7265	1
7266	1
7267	1
9710	1
9711	1
8774	1
8775	1
3536	1
3537	1
4419	1
4420	1
9712	1
9713	1
4421	1
4422	1
4423	1
4424	1
8776	1
8777	1
8778	1
8779	1
7268	1
7269	1
8780	1
8781	1
7270	1
7271	1
4425	1
4426	1
9714	1
8782	1
8783	1
8784	1
8785	1
7272	1
7273	1
7274	1
8786	1
8787	1
9715	1
4427	1
4428	1
4429	1
7275	1
7276	1
8788	1
7277	1
7278	1
7279	1
2369	1
2370	1
2371	1
2372	1
2373	1
2374	1
2375	1
3538	1
7280	1
8789	1
5720	1
5721	1
7281	1
8790	1
5722	1
5723	1
5724	1
5725	1
8791	1
5726	1
5727	1
5728	1
8792	1
9716	1
8793	1
4430	1
4431	1
4432	1
4433	1
7282	1
9717	1
8794	1
8795	1
8796	1
7283	1
7284	1
8797	1
7285	1
8798	1
9718	1
8799	1
7286	1
3539	1
3540	1
9719	1
7287	1
9720	1
8800	1
8801	1
7288	1
8802	1
7289	1
7290	1
4434	1
4435	1
4436	1
9721	1
2376	1
2377	1
2378	1
2379	1
2380	1
2381	1
2382	1
2383	1
9722	1
8803	1
8804	1
5729	1
7291	1
4437	1
4438	1
8805	1
8806	1
8807	1
3541	1
3542	1
3543	1
3544	1
3545	1
8808	1
8809	1
4439	1
7292	1
7293	1
7294	1
7295	1
7296	1
8810	1
7297	1
3546	1
7298	1
4440	1
4441	1
8811	1
8812	1
7299	1
7300	1
7301	1
9723	1
5730	1
5731	1
5732	1
2871	1
2872	1
8813	1
5733	1
5734	1
5735	1
9724	1
2873	1
2874	1
2875	1
2876	1
8814	1
5736	1
5737	1
7302	1
5738	1
8815	1
7303	1
5739	1
5740	1
5741	1
8816	1
8817	1
3547	1
3548	1
3549	1
3550	1
3551	1
3552	1
3553	1
7304	1
7305	1
7306	1
9725	1
7307	1
9726	1
9727	1
9728	1
4442	1
4443	1
9729	1
8818	1
8819	1
4444	1
4445	1
9730	1
3554	1
3555	1
4446	1
4447	1
4448	1
4449	1
4450	1
8820	1
5742	1
5743	1
5744	1
8821	1
8822	1
8823	1
9731	1
9732	1
9733	1
7308	1
7309	1
7310	1
7311	1
7312	1
7313	1
7314	1
7315	1
7316	1
7317	1
7318	1
7319	1
7320	1
8824	1
8825	1
7321	1
5745	1
7322	1
8826	1
9734	1
8827	1
8828	1
7323	1
5746	1
4451	1
4452	1
4453	1
4454	1
8829	1
5747	1
5748	1
5749	1
8830	1
8831	1
2384	1
2385	1
2386	1
2387	1
2388	1
7324	1
7325	1
5750	1
5751	1
9735	1
7326	1
7327	1
8832	1
7328	1
7329	1
7330	1
7331	1
7332	1
7333	1
7334	1
8833	1
8834	1
7335	1
7336	1
7337	1
9736	1
8835	1
7338	1
7339	1
8836	1
8837	1
3556	1
3557	1
3558	1
7340	1
8838	1
3559	1
7341	1
9737	1
8839	1
4455	1
8840	1
5752	1
5753	1
7342	1
7343	1
8841	1
8842	1
8843	1
9738	1
8844	1
8845	1
4456	1
7344	1
7345	1
9739	1
8846	1
9740	1
8847	1
8848	1
7346	1
5754	1
3560	1
3561	1
9741	1
4457	1
4458	1
5755	1
8849	1
5756	1
5757	1
4459	1
4460	1
4461	1
4462	1
8850	1
7347	1
7348	1
8851	1
8852	1
7349	1
8853	1
8854	1
9742	1
9743	1
7350	1
5758	1
5759	1
5760	1
5761	1
8855	1
8856	1
9744	1
5762	1
5763	1
5764	1
8857	1
3562	1
3563	1
9745	1
4463	1
4464	1
4465	1
4466	1
4467	1
8858	1
5765	1
2877	1
2878	1
2879	1
2880	1
2881	1
2882	1
2883	1
8859	1
9746	1
7351	1
8860	1
4468	1
8861	1
8862	1
8863	1
8864	1
9747	1
3564	1
3565	1
3566	1
3567	1
3568	1
3569	1
8865	1
9748	1
8866	1
8867	1
4469	1
4470	1
8868	1
8869	1
7352	1
7353	1
7354	1
3570	1
3571	1
9749	1
7355	1
7356	1
8870	1
9750	1
7357	1
7358	1
7359	1
9751	1
8871	1
8872	1
5766	1
7360	1
7361	1
8873	1
8874	1
5767	1
5768	1
9752	1
804	1
805	1
806	1
807	1
808	1
809	1
4471	1
8875	1
8876	1
5769	1
5770	1
5771	1
5772	1
8877	1
9753	1
8878	1
7362	1
7363	1
8879	1
8880	1
8881	1
8882	1
5773	1
9754	1
7364	1
7365	1
7366	1
8883	1
8884	1
8885	1
7367	1
8886	1
8887	1
7368	1
5774	1
5775	1
5776	1
5777	1
5778	1
7369	1
7370	1
7371	1
7372	1
7373	1
9755	1
8888	1
8889	1
4472	1
9756	1
7374	1
5779	1
5780	1
8890	1
2884	1
2885	1
2886	1
2887	1
2888	1
2889	1
9757	1
5781	1
4473	1
4474	1
8891	1
8892	1
9758	1
7375	1
8893	1
7376	1
7377	1
7378	1
8894	1
7379	1
9759	1
8895	1
4475	1
4476	1
4477	1
4478	1
4479	1
9760	1
8896	1
8897	1
7380	1
7381	1
4480	1
4481	1
4482	1
4483	1
5782	1
7382	1
7383	1
5783	1
5784	1
5785	1
5786	1
5787	1
8898	1
9761	1
5788	1
8899	1
8900	1
8901	1
7384	1
8902	1
7385	1
8903	1
8904	1
7386	1
7387	1
7388	1
7389	1
7390	1
8905	1
4484	1
4485	1
4486	1
4487	1
4488	1
4489	1
7391	1
7392	1
7393	1
4490	1
7394	1
8906	1
9762	1
7395	1
7396	1
7397	1
7398	1
7399	1
4491	1
4492	1
4493	1
4494	1
7400	1
7401	1
9763	1
5789	1
8907	1
8908	1
5790	1
7402	1
7403	1
7404	1
8909	1
8910	1
9764	1
8911	1
8912	1
4495	1
4496	1
4497	1
7405	1
8913	1
7406	1
7407	1
7408	1
5791	1
7409	1
7410	1
8914	1
5792	1
8915	1
8916	1
8917	1
7411	1
7412	1
8918	1
8919	1
8920	1
8921	1
8922	1
5793	1
5794	1
2389	1
2390	1
2391	1
2392	1
2393	1
2394	1
5795	1
5796	1
5797	1
5798	1
5799	1
5800	1
7413	1
8923	1
8924	1
7414	1
3572	1
3573	1
3574	1
3575	1
5801	1
7415	1
7416	1
9765	1
9766	1
8925	1
8926	1
7417	1
7418	1
5802	1
5803	1
5804	1
9767	1
7419	1
8927	1
7420	1
7421	1
4498	1
4499	1
9768	1
7422	1
7423	1
7424	1
2395	1
2396	1
2397	1
2398	1
2399	1
7425	1
7426	1
7427	1
7428	1
8928	1
5805	1
5806	1
5807	1
5808	1
5809	1
5810	1
9769	1
2890	1
7429	1
7430	1
8929	1
5811	1
5812	1
5813	1
9770	1
9771	1
7431	1
8930	1
7432	1
7433	1
9772	1
8931	1
8932	1
8933	1
9773	1
5814	1
4500	1
4501	1
9774	1
8934	1
7434	1
9775	1
7435	1
7436	1
7437	1
8935	1
8936	1
7438	1
8937	1
8938	1
8939	1
8940	1
8941	1
7439	1
7440	1
9776	1
5815	1
5816	1
5817	1
5818	1
8942	1
8943	1
5819	1
5820	1
5821	1
8944	1
5822	1
5823	1
9777	1
8945	1
4502	1
4503	1
8946	1
8947	1
9778	1
5824	1
8948	1
8949	1
5825	1
5826	1
7441	1
5827	1
5828	1
5829	1
8950	1
8951	1
8952	1
5830	1
4504	1
4505	1
4506	1
4507	1
7442	1
7443	1
7444	1
7445	1
7446	1
7447	1
7448	1
7449	1
7450	1
8953	1
8954	1
8955	1
7451	1
7452	1
7453	1
7454	1
7455	1
8956	1
5831	1
5832	1
5833	1
5834	1
7456	1
8957	1
5835	1
5836	1
5837	1
5838	1
9779	1
8958	1
8959	1
4508	1
7457	1
5839	1
5840	1
5841	1
9780	1
8960	1
8961	1
5842	1
5843	1
8962	1
8963	1
7458	1
7459	1
7460	1
8964	1
8965	1
5844	1
5845	1
5846	1
8966	1
7461	1
7462	1
7463	1
7464	1
7465	1
7466	1
7467	1
8967	1
7468	1
7469	1
7470	1
9781	1
4509	1
4510	1
4511	1
4512	1
4513	1
5847	1
5848	1
5849	1
8968	1
9782	1
9783	1
7471	1
4514	1
4515	1
5850	1
4516	1
7472	1
7473	1
7474	1
8969	1
8970	1
8971	1
8972	1
8973	1
8974	1
8975	1
8976	1
9784	1
8977	1
8978	1
8979	1
9785	1
7475	1
8980	1
9786	1
7476	1
7477	1
7478	1
9787	1
7479	1
5851	1
5852	1
8981	1
8982	1
7480	1
7481	1
7482	1
7483	1
7484	1
8983	1
8984	1
9788	1
8985	1
8986	1
3576	1
3577	1
3578	1
3579	1
3580	1
2400	1
2401	1
8987	1
8988	1
4517	1
4518	1
8989	1
8990	1
8991	1
8992	1
7485	1
8993	1
3581	1
3582	1
5853	1
5854	1
5855	1
7486	1
7487	1
8994	1
8995	1
7488	1
2891	1
2892	1
2893	1
9789	1
4519	1
4520	1
4521	1
4522	1
4523	1
4524	1
4525	1
4526	1
8996	1
8997	1
7489	1
8998	1
5856	1
4527	1
9790	1
8999	1
9000	1
4528	1
9001	1
9002	1
7490	1
7491	1
7492	1
9791	1
5857	1
5858	1
5859	1
5860	1
5861	1
5862	1
9003	1
5863	1
5864	1
9004	1
9792	1
9793	1
7493	1
7494	1
7495	1
9794	1
5865	1
9005	1
9006	1
3583	1
3584	1
3585	1
7496	1
7497	1
7498	1
5866	1
7499	1
4529	1
9795	1
9007	1
9796	1
9797	1
4530	1
9008	1
7500	1
5867	1
5868	1
5869	1
4531	1
4532	1
4533	1
9798	1
7501	1
9009	1
5870	1
9799	1
9010	1
9011	1
7502	1
7503	1
7504	1
4534	1
4535	1
4536	1
9012	1
9013	1
3586	1
3587	1
3588	1
3589	1
3590	1
7505	1
7506	1
7507	1
9014	1
3591	1
3592	1
3593	1
5871	1
5872	1
5873	1
5874	1
9800	1
9015	1
9016	1
9017	1
9018	1
9019	1
7508	1
9801	1
7509	1
9802	1
9803	1
7510	1
3594	1
3595	1
3596	1
7511	1
9804	1
9020	1
9021	1
9022	1
5875	1
5876	1
5877	1
5878	1
5879	1
5880	1
5881	1
9805	1
3597	1
9806	1
7512	1
9023	1
9024	1
9025	1
4537	1
4538	1
4539	1
4540	1
4541	1
9026	1
9027	1
7513	1
7514	1
9028	1
9807	1
7515	1
7516	1
7517	1
7518	1
5882	1
9029	1
9030	1
9031	1
9032	1
3598	1
3599	1
3600	1
3601	1
3602	1
9033	1
9034	1
9035	1
9808	1
9036	1
9037	1
2894	1
2895	1
9809	1
5883	1
5884	1
5885	1
9038	1
9039	1
9040	1
4542	1
9810	1
3603	1
3604	1
3605	1
3606	1
3607	1
3608	1
3609	1
5886	1
5887	1
7519	1
7520	1
7521	1
9811	1
1140	1
1141	1
1142	1
1143	1
1144	1
1145	1
1146	1
1147	1
9041	1
7522	1
7523	1
9042	1
9043	1
3610	1
3611	1
2896	1
2897	1
2898	1
9044	1
5888	1
4543	1
4544	1
4545	1
9812	1
7524	1
9045	1
9046	1
7525	1
9047	1
3612	1
7526	1
7527	1
9813	1
2899	1
2900	1
2901	1
2902	1
4546	1
4547	1
4548	1
4549	1
1287	1
5889	1
1992	1
1993	1
1994	1
9814	1
7528	1
9815	1
9048	1
9049	1
4550	1
4551	1
7529	1
7530	1
7531	1
9050	1
9051	1
9052	1
7532	1
7533	1
7534	1
7535	1
7536	1
7537	1
7538	1
9053	1
4552	1
5890	1
5891	1
5892	1
5893	1
4553	1
7539	1
7540	1
7541	1
7542	1
9054	1
7543	1
5894	1
5895	1
9816	1
7544	1
7545	1
7546	1
5896	1
5897	1
5898	1
5899	1
5900	1
5901	1
5902	1
2903	1
2904	1
2905	1
2906	1
633	1
634	1
635	1
636	1
637	1
5903	1
5904	1
5905	1
5906	1
9055	1
9056	1
7547	1
7548	1
7549	1
9817	1
5907	1
5908	1
7550	1
4554	1
7551	1
9057	1
4555	1
4556	1
7552	1
7553	1
7554	1
9818	1
5909	1
9058	1
5910	1
9819	1
3613	1
3614	1
3615	1
3616	1
4557	1
4558	1
4559	1
4560	1
4561	1
7555	1
9820	1
9059	1
3617	1
3618	1
3619	1
3620	1
3621	1
9060	1
9061	1
4562	1
9062	1
9063	1
9064	1
9821	1
3622	1
3623	1
3624	1
7556	1
7557	1
9822	1
5911	1
7558	1
7559	1
7560	1
7561	1
7562	1
9065	1
9066	1
9823	1
9824	1
4563	1
4564	1
9067	1
9068	1
9069	1
9070	1
7563	1
7564	1
7565	1
7566	1
9825	1
9071	1
7567	1
4565	1
9072	1
9073	1
9826	1
7568	1
7569	1
7570	1
7571	1
9827	1
5912	1
7572	1
9074	1
7573	1
9828	1
9075	1
9076	1
9077	1
9078	1
9829	1
9830	1
7574	1
7575	1
9831	1
9079	1
7576	1
7577	1
9080	1
2907	1
7578	1
7579	1
5913	1
5914	1
5915	1
9832	1
7580	1
9081	1
9833	1
9082	1
5916	1
5917	1
5918	1
5919	1
5920	1
5921	1
9083	1
7581	1
5922	1
5923	1
5924	1
5925	1
1995	1
1996	1
9084	1
7582	1
4566	1
4567	1
4568	1
4569	1
9834	1
7583	1
5926	1
5927	1
5928	1
5929	1
9835	1
4570	1
4571	1
4572	1
5930	1
5931	1
9085	1
7584	1
7585	1
9836	1
9837	1
9086	1
9838	1
9839	1
7586	1
7587	1
9087	1
5932	1
5933	1
9088	1
5934	1
5935	1
5936	1
9840	1
7588	1
7589	1
7590	1
7591	1
9089	1
7592	1
7593	1
9090	1
9091	1
9092	1
9093	1
9094	1
9095	1
2908	1
5937	1
5938	1
5939	1
7594	1
7595	1
7596	1
7597	1
4573	1
4574	1
4575	1
4576	1
4577	1
7598	1
2402	1
2403	1
2404	1
2405	1
2406	1
2407	1
5940	1
5941	1
3625	1
3626	1
3627	1
9841	1
9096	1
3628	1
3629	1
3630	1
5942	1
5943	1
5944	1
5945	1
5946	1
5947	1
5948	1
5949	1
9842	1
9843	1
5950	1
9844	1
4578	1
7599	1
7600	1
7601	1
7602	1
7603	1
9097	1
2408	1
7604	1
7605	1
7606	1
7607	1
7608	1
7609	1
4579	1
4580	1
4581	1
4582	1
4583	1
4584	1
9098	1
9099	1
9845	1
9100	1
9101	1
7610	1
3631	1
3632	1
3633	1
3634	1
7611	1
7612	1
7613	1
7614	1
7615	1
9102	1
9103	1
4585	1
4586	1
4587	1
9104	1
7616	1
4588	1
4589	1
9846	1
7617	1
7618	1
7619	1
4590	1
4591	1
7620	1
7621	1
9105	1
7622	1
4592	1
4593	1
4594	1
9847	1
9106	1
9107	1
9108	1
7623	1
7624	1
7625	1
7626	1
4595	1
9109	1
9110	1
5951	1
5952	1
5953	1
5954	1
9848	1
9111	1
7627	1
7628	1
7629	1
7630	1
7631	1
4596	1
9112	1
9113	1
7632	1
7633	1
9849	1
3635	1
3636	1
5955	1
5956	1
5957	1
7634	1
7635	1
5958	1
7636	1
9114	1
4597	1
4598	1
9115	1
5959	1
5960	1
5961	1
5962	1
5963	1
4599	1
4600	1
4601	1
7637	1
9850	1
9851	1
5964	1
5965	1
9852	1
7638	1
7639	1
7640	1
7641	1
3637	1
3638	1
3639	1
3640	1
9116	1
9853	1
9854	1
9117	1
7642	1
7643	1
7644	1
9118	1
5966	1
5967	1
5968	1
9119	1
9855	1
9120	1
9856	1
7645	1
7646	1
9121	1
9857	1
7647	1
5969	1
5970	1
5971	1
5972	1
5973	1
5974	1
7648	1
7649	1
4602	1
4603	1
4604	1
9122	1
7650	1
7651	1
7652	1
4605	1
7653	1
7654	1
5975	1
5976	1
5977	1
7655	1
7656	1
9858	1
7657	1
7658	1
7659	1
9123	1
5978	1
5979	1
5980	1
5981	1
9124	1
9859	1
7660	1
7661	1
7662	1
4606	1
4607	1
7663	1
7664	1
9125	1
4608	1
5982	1
7665	1
5983	1
7666	1
7667	1
7668	1
9126	1
9127	1
9860	1
9128	1
4609	1
4610	1
4611	1
4612	1
9129	1
9130	1
7669	1
7670	1
9131	1
5984	1
5985	1
9132	1
5986	1
1486	1
1487	1
1488	1
9133	1
9134	1
2409	1
4613	1
9861	1
9862	1
5987	1
3641	1
7671	1
9135	1
9136	1
7672	1
9137	1
9138	1
9139	1
2909	1
2910	1
2911	1
2912	1
2913	1
5988	1
4614	1
4615	1
4616	1
4617	1
9863	1
5989	1
5990	1
5991	1
9140	1
9141	1
3642	1
3643	1
3644	1
9142	1
4618	1
4619	1
4620	1
9143	1
7673	1
5992	1
5993	1
9864	1
2914	1
2915	1
2916	1
2917	1
2918	1
2919	1
2920	1
7674	1
7675	1
9144	1
7676	1
7677	1
7678	1
9865	1
7679	1
7680	1
7681	1
7682	1
7683	1
7684	1
7685	1
7686	1
7687	1
9145	1
9866	1
7688	1
7689	1
7690	1
7691	1
9146	1
5994	1
5995	1
1710	1
1711	1
1712	1
1713	1
1714	1
1715	1
1716	1
1717	1
1148	1
1149	1
1150	1
1151	1
1152	1
1153	1
1154	1
9147	1
5996	1
9148	1
9149	1
7692	1
7693	1
7694	1
5997	1
9150	1
7695	1
9151	1
7696	1
9152	1
9153	1
9867	1
9154	1
9155	1
9868	1
5998	1
5999	1
6000	1
6001	1
7697	1
7698	1
7699	1
9156	1
9157	1
9158	1
7700	1
9159	1
9160	1
4621	1
4622	1
4623	1
4624	1
4625	1
4626	1
4627	1
9869	1
6002	1
6003	1
6004	1
6005	1
9870	1
330	1
331	1
332	1
333	1
334	1
335	1
336	1
337	1
338	1
339	1
340	1
341	1
342	1
343	1
344	1
7701	1
6006	1
9871	1
7702	1
7703	1
7704	1
9161	1
7705	1
7706	1
4628	1
4629	1
4630	1
4631	1
4632	1
9872	1
7707	1
9162	1
6007	1
6008	1
6009	1
9163	1
6010	1
7708	1
9164	1
9165	1
2921	1
9166	1
9167	1
9168	1
9169	1
9873	1
7709	1
4633	1
4634	1
4635	1
4636	1
6011	1
6012	1
6013	1
6014	1
6015	1
6016	1
4637	1
4638	1
9170	1
9171	1
9874	1
9875	1
3645	1
3646	1
3647	1
3648	1
810	1
811	1
812	1
813	1
814	1
815	1
816	1
817	1
818	1
819	1
820	1
821	1
822	1
6017	1
6018	1
9172	1
3649	1
3650	1
3651	1
3652	1
3653	1
9173	1
7710	1
7711	1
7712	1
7713	1
7714	1
9174	1
2922	1
2923	1
2924	1
6019	1
3654	1
3655	1
7715	1
7716	1
2410	1
2411	1
2412	1
2413	1
2414	1
7717	1
7718	1
7719	1
7720	1
9175	1
2925	1
2926	1
9176	1
7721	1
4639	1
4640	1
4641	1
2927	1
2928	1
2929	1
2930	1
7722	1
9876	1
1997	1
1998	1
1999	1
2000	1
2001	1
2002	1
6020	1
6021	1
6022	1
7723	1
7724	1
7725	1
9177	1
9178	1
9179	1
6023	1
6024	1
6025	1
7726	1
7727	1
726	1
727	1
728	1
729	1
730	1
731	1
732	1
733	1
734	1
735	1
736	1
6026	1
6027	1
9180	1
9181	1
9877	1
3656	1
6028	1
6029	1
6030	1
6031	1
9182	1
6032	1
9183	1
6033	1
6034	1
6035	1
9878	1
6036	1
7728	1
7729	1
7730	1
3657	1
3658	1
3659	1
3660	1
3661	1
9184	1
6037	1
3662	1
9879	1
9185	1
9186	1
6038	1
9880	1
9187	1
2931	1
2932	1
2933	1
2934	1
2935	1
9188	1
9189	1
9190	1
7731	1
7732	1
7733	1
6039	1
6040	1
6041	1
9881	1
4642	1
4643	1
7734	1
7735	1
9882	1
9191	1
9192	1
6042	1
9193	1
9194	1
4644	1
4645	1
9195	1
9196	1
7736	1
9197	1
9198	1
9199	1
1718	1
6043	1
9200	1
9201	1
9202	1
7737	1
6044	1
6045	1
9883	1
7738	1
7739	1
9203	1
9884	1
3663	1
3664	1
9204	1
7740	1
7741	1
4646	1
4647	1
9205	1
6046	1
6047	1
7742	1
7743	1
9206	1
9885	1
7744	1
7745	1
7746	1
9886	1
7747	1
2936	1
4648	1
4649	1
4650	1
4651	1
7748	1
7749	1
4652	1
4653	1
4654	1
4655	1
6048	1
6049	1
6050	1
9207	1
9887	1
7750	1
6051	1
6052	1
6053	1
4656	1
9208	1
9209	1
9210	1
6054	1
9211	1
2937	1
2938	1
2939	1
2940	1
2941	1
2942	1
9888	1
7751	1
7752	1
7753	1
9212	1
9213	1
4657	1
4658	1
9214	1
9215	1
6055	1
7754	1
2003	1
2004	1
2005	1
2006	1
2007	1
7755	1
9889	1
7756	1
7757	1
7758	1
4659	1
7759	1
7760	1
9216	1
9217	1
9218	1
7761	1
7762	1
7763	1
7764	1
7765	1
9219	1
6056	1
9220	1
7766	1
6057	1
6058	1
7767	1
4660	1
4661	1
4662	1
7768	1
7769	1
7770	1
9890	1
9221	1
9222	1
9891	1
7771	1
7772	1
7773	1
7774	1
7775	1
9892	1
7776	1
9893	1
4663	1
4664	1
4665	1
9223	1
9224	1
9894	1
6059	1
6060	1
6061	1
7777	1
9225	1
9226	1
6062	1
4666	1
9227	1
9228	1
9229	1
7778	1
7779	1
9895	1
9230	1
9896	1
9231	1
6063	1
2943	1
2944	1
2945	1
2946	1
2947	1
2948	1
7780	1
7781	1
7782	1
6064	1
9232	1
7783	1
9233	1
6065	1
6066	1
9234	1
7784	1
9235	1
9236	1
9897	1
9898	1
9237	1
9238	1
9239	1
9899	1
6067	1
6068	1
7785	1
7786	1
9900	1
6069	1
9901	1
7787	1
7788	1
7789	1
9902	1
7790	1
7791	1
9240	1
9241	1
9242	1
9243	1
9244	1
9245	1
9903	1
6070	1
4667	1
9246	1
9247	1
4668	1
4669	1
7792	1
4670	1
4671	1
9904	1
9248	1
9905	1
6071	1
6072	1
9249	1
9250	1
9906	1
9251	1
9252	1
9907	1
7793	1
7794	1
7795	1
9253	1
9254	1
9255	1
9256	1
7796	1
7797	1
7798	1
7799	1
7800	1
9257	1
3665	1
3666	1
3667	1
3668	1
9258	1
2415	1
2416	1
2417	1
2418	1
4672	1
6073	1
6074	1
6075	1
9259	1
6076	1
4673	1
4674	1
4675	1
4676	1
9260	1
2008	1
2009	1
2010	1
9908	1
9261	1
9909	1
7801	1
7802	1
7803	1
9262	1
9263	1
3669	1
3670	1
3671	1
3672	1
7804	1
6077	1
6078	1
6079	1
6080	1
9910	1
9911	1
9912	1
7805	1
9913	1
2949	1
2950	1
4677	1
4678	1
4679	1
6081	1
6082	1
9914	1
4680	1
4681	1
4682	1
4683	1
9264	1
7806	1
6083	1
6084	1
6085	1
7807	1
7808	1
7809	1
4684	1
4685	1
9265	1
9266	1
9915	1
7810	1
6086	1
6087	1
6088	1
6089	1
9267	1
9268	1
9269	1
9916	1
9917	1
7811	1
7812	1
7813	1
9918	1
9270	1
9271	1
9919	1
6090	1
7814	1
4686	1
4687	1
4688	1
4689	1
9272	1
9273	1
9274	1
9275	1
9276	1
2951	1
2952	1
2953	1
2954	1
9277	1
4690	1
4691	1
9920	1
9921	1
9278	1
7815	1
9922	1
9279	1
9280	1
7816	1
7817	1
7818	1
4692	1
4693	1
6091	1
7819	1
4694	1
4695	1
4696	1
9281	1
9282	1
7820	1
7821	1
7822	1
7823	1
9283	1
9284	1
6092	1
6093	1
6094	1
9923	1
9924	1
9285	1
3673	1
3674	1
2011	1
2012	1
2013	1
2014	1
2015	1
9925	1
7824	1
7825	1
7826	1
9286	1
9287	1
9288	1
9289	1
6095	1
9290	1
7827	1
7828	1
7829	1
7830	1
9926	1
7831	1
9291	1
7832	1
9292	1
7833	1
9293	1
9294	1
9295	1
2016	1
2017	1
9296	1
9297	1
4697	1
4698	1
4699	1
4700	1
4701	1
9298	1
7834	1
7835	1
9299	1
4702	1
9927	1
7836	1
4703	1
3675	1
3676	1
3677	1
3678	1
3679	1
6096	1
9928	1
7837	1
4704	1
7838	1
9300	1
9301	1
7839	1
6097	1
6098	1
7840	1
7841	1
9302	1
7842	1
7843	1
7844	1
6099	1
6100	1
4705	1
4706	1
9303	1
9304	1
7845	1
7846	1
7847	1
9305	1
9306	1
7848	1
7849	1
7850	1
9929	1
4707	1
4708	1
4709	1
9307	1
9308	1
2419	1
2420	1
2421	1
7851	1
7852	1
4710	1
1719	1
1720	1
1721	1
1722	1
1723	1
2955	1
2956	1
2957	1
4711	1
7853	1
7854	1
9930	1
9931	1
7855	1
7856	1
7857	1
6101	1
6102	1
6103	1
6104	1
9309	1
7858	1
7859	1
9310	1
7860	1
7861	1
9311	1
9312	1
6105	1
9313	1
9314	1
9315	1
7862	1
7863	1
7864	1
9932	1
7865	1
7866	1
7867	1
7868	1
7869	1
9316	1
9933	1
9317	1
6106	1
9318	1
9319	1
9934	1
9320	1
9935	1
7870	1
6107	1
6108	1
6109	1
9321	1
9322	1
7871	1
6110	1
6111	1
6112	1
9323	1
9324	1
7872	1
7873	1
7874	1
7875	1
7876	1
9936	1
9937	1
9938	1
7877	1
7878	1
7879	1
7880	1
9325	1
7881	1
7882	1
4712	1
7883	1
7884	1
7885	1
7886	1
9326	1
6113	1
6114	1
9327	1
7887	1
7888	1
9328	1
9329	1
7889	1
7890	1
3680	1
3681	1
3682	1
9330	1
4713	1
4714	1
4715	1
6115	1
6116	1
9939	1
9331	1
9332	1
7891	1
7892	1
7893	1
6117	1
6118	1
9333	1
9940	1
6119	1
6120	1
6121	1
6122	1
7894	1
9941	1
9942	1
9334	1
9335	1
9336	1
6123	1
6124	1
6125	1
6126	1
9337	1
9338	1
9943	1
9944	1
7895	1
7896	1
9945	1
7897	1
7898	1
7899	1
4716	1
4717	1
9339	1
9340	1
7900	1
7901	1
9341	1
9342	1
9343	1
9344	1
4718	1
4719	1
4720	1
4721	1
4722	1
7902	1
9345	1
7903	1
9346	1
9347	1
7904	1
9348	1